9.45011671265637 16.77057144588155 -1
16.700269788901604 8.307840658131875 -1
4.369860116348725 6.6625470333341585 -1
10.277239367176378 15.981657803837388 -1
4.791190768251683 13.619796855358679 -1
4.777376993264446 8.971782868253857 -1
10.23978410148313 5.1485607260957895 -1
15.785017499060107 9.844163234510985 -1
8.857706975813006 4.815233569862887 -1
4.984733269322579 6.219987627500332 -1
16.039991245373958 12.171793845873244 -1
3.3245570130690028 10.166159681668388 -1
4.881053098278425 5.727183235241473 -1
6.144982075396008 10.565687479768613 -1
11.292056834378881 11.272324047642552 -1
13.722374086464358 5.7575579981657725 -1
12.903918525342847 6.006133695562152 -1
15.22776046927428 7.162898619815246 -1
14.601327629818373 13.556876917634781 -1
7.890027511486652 14.424371073240545 -1
13.446910214343152 9.384648853409939 -1
5.83975162725638 6.217503092624006 -1
4.495038218390883 12.117923803486779 -1
15.145518173420808 9.474578159859025 -1
10.106110141661715 3.3506628566274155 -1
8.293742379810867 13.944817245210286 -1
11.109919608233906 9.253220967752767 -1
9.594465560561826 15.195671764772378 -1
10.83050137713074 9.618419373473746 -1
14.880655347883277 9.95929717410979 -1
16.4520944966227 7.868398788124791 -1
12.099425159614803 5.026379061625265 -1
13.95646081874027 8.574983896477367 -1
5.383219943103499 4.996724705546702 -1
10.203087582895522 5.492382720674669 -1
13.307644402080216 6.881653098499665 -1
10.809859905142725 5.990985753647351 -1
4.279940829815483 8.05962535007076 -1
4.950442897898133 7.129311932946116 -1
11.59615925330505 9.238692493029925 -1
14.973178815184626 9.556784784220909 -1
7.765648939566285 6.593062522721052 -1
3.8836519066176423 12.361337004548709 -1
15.955615155054733 7.207534785435241 -1
4.857717144093304 14.28286562285497 -1
15.259089082558488 9.214240664115412 -1
13.32976295231033 5.645995747998578 -1
6.206932983857412 11.575956765739308 -1
13.695973033296088 6.491138499686578 -1
13.6989050637633 14.033659953083646 -1
3.8107234628304476 8.06560518612233 -1
10.879385412389102 9.836311396627966 -1
13.544290023305658 15.322686805840664 -1
4.306388797138214 8.245084984066688 -1
6.329828500284453 9.404834041887666 -1
10.759341424148028 3.539196120090462 -1
10.170089066842497 3.048857101199587 -1
8.598238848426664 9.825141719217196 -1
4.996573184490234 13.739728950934381 -1
9.141642324370062 8.023603748096921 -1
4.798088892624561 9.814313742836227 -1
7.617670176284377 10.459905973886288 -1
5.966786757941733 5.441047520087759 -1
10.213627340094074 14.574368430151655 -1
5.809527913243291 8.562942283378966 -1
4.7329782043505375 8.510695734522422 -1
12.943846675806132 15.597917634130305 -1
9.368432712439091 6.165925701275647 -1
15.745677380158217 7.229229251731894 -1
8.782974535774024 7.284719438584979 -1
8.706759257352925 14.976559219267248 -1
8.127196391583915 15.19233761698201 -1
10.012369146779708 4.42730991816445 -1
6.676113297156587 10.96992683812854 -1
13.277845092436246 8.776234111678384 -1
6.529080851988396 11.387367738473786 -1
15.309616831449958 12.950187161144404 -1
13.1523151432113 15.691322700199157 -1
8.542860934191374 16.593768282003857 -1
16.108691388429804 8.241920872085124 -1
12.35356598702646 14.346384327834375 -1
10.206522783616387 8.43785991324479 -1
14.369203959557236 11.07533668961471 -1
5.9617354128731375 6.4926631160468755 -1
13.99962863760849 12.46558641422299 -1
4.872962195277846 6.445570967607748 -1
3.4222768449913854 9.453290889805483 -1
3.8996672692165113 12.026205600414283 -1
10.422509795739863 15.407851133511478 -1
5.994618119028741 5.206956967836376 -1
7.049899459496585 15.431645890960453 -1
12.988658435938865 11.80853280876721 -1
6.552809521174772 9.904532708031617 -1
13.494454761329557 8.229077132274877 -1
11.148250586643444 10.791441018369063 -1
11.747816899478362 6.72190934142357 -1
6.832659427817164 3.985389927820928 -1
6.631301173283752 5.988034014619004 -1
7.530000940972188 14.914910786127813 -1
7.348748631179777 11.263560677619843 -1
15.173806538032022 8.892362052235967 -1
7.942293226298782 6.425430302203338 -1
6.966872519854825 10.518357862537478 -1
10.262141342717673 7.67638049042922 -1
15.144466377892364 11.901214904843382 -1
14.253209280807022 5.954191130622513 -1
9.516835980511475 11.261237989293715 -1
7.84112084542029 3.7354500398019708 -1
12.878931129041051 9.402828280262925 -1
5.2273726148263915 6.0213344202387 -1
7.928782465033837 9.996570050654414 -1
10.25919858773502 8.181228602582635 -1
11.941074286199756 16.372682228032982 -1
9.841967947385246 4.475854408346349 -1
8.073626970273423 10.263196623667582 -1
14.96010022630487 13.598844855835727 -1
7.8647192096129555 10.87638070229054 -1
4.3374945874113235 9.474566205687527 -1
14.392191997561604 13.23189176788847 -1
7.9199266019878305 16.04172306272291 -1
3.0980647286875307 11.158282382330526 -1
12.16338108813051 7.518731803479128 -1
4.875327441207478 9.971379913256825 -1
13.964085844555363 13.090613211116846 -1
15.29196794670475 6.075760387773885 -1
14.084750519705409 15.198984611870763 -1
13.38888046599121 9.09936900401798 -1
11.078668979653992 3.6336651188589197 -1
8.434097422731009 12.41691522825618 -1
14.29492770338344 12.13730927584583 -1
15.2987841470741 5.8538471140718595 -1
7.156971216812611 7.22688803279979 -1
14.409800594733506 15.41141794203167 -1
9.361917920871859 9.896516474679267 -1
10.696934476263216 13.471550361250237 -1
12.817034806747486 7.512950446894253 -1
7.430116132486115 8.332920999979216 -1
16.334547869204513 8.29869757213668 -1
6.880385653260523 10.71897841145537 -1
7.99879368036831 6.720639063752431 -1
11.059854525921864 9.512035703423855 -1
6.837820715569474 4.057536017181011 -1
6.2315276313969425 13.247039190897372 -1
4.701092720485431 13.054042732071816 -1
5.029474340640969 6.827903793778594 -1
5.693269405569779 12.027721074287419 -1
10.593558621192422 6.593967687761008 -1
12.141958576246692 4.229638918740875 -1
14.773129136478477 5.309377213546245 -1
5.972559088768891 9.812234378876923 -1
16.583463160229872 8.545368175494838 -1
11.666977580097376 16.071636353658686 -1
5.235857103138386 9.781030271343116 -1
3.475053658480265 9.126799988941691 -1
14.205514745407555 11.542139211726507 -1
4.774951479156386 7.743069085700416 -1
6.418077716568074 8.101619654335519 -1
7.746172111875655 4.147021821986312 -1
11.14111995953926 3.3920642607336737 -1
12.65793357494755 5.291900854420497 -1
4.992408253435137 5.851171907594388 -1
8.98269551073264 11.59222482464121 -1
11.973324452916614 8.836815988500973 -1
12.944643296242763 10.844168401114747 -1
11.438444541469554 14.254454314278561 -1
9.560872297461703 11.459491471074159 -1
7.432394944864232 9.191213209537612 -1
14.390857322780683 8.864599741133457 -1
8.442388246037178 8.451569027164979 -1
9.515295494397314 5.3548995617360395 -1
8.22569984086957 3.50141783588249 -1
4.169517254078667 8.157670527486161 -1
6.114697055351259 4.5795627832284636 -1
11.45348738028142 14.113342534280404 -1
11.796978958400876 15.839821413951565 -1
7.015278318884921 7.579590949509807 -1
10.671631805396169 13.251189760946563 -1
9.758239546683194 6.589798886788079 -1
8.504752783470684 6.503568725976663 -1
6.6344089511922055 14.445363832552289 -1
8.116474240755897 11.59384798406938 -1
9.691364965034762 3.865978491509452 -1
6.4638732092214335 15.048234678704201 -1
15.704542893115871 10.50036844864253 -1
14.49884578564533 9.84234784125314 -1
5.986516920395775 8.493037046294877 -1
13.972874707516091 12.671789026888753 -1
13.630586210362555 10.111330853044516 -1
7.303248055483962 9.096101121662208 -1
10.778349808716781 12.416256590015607 -1
7.188411639183565 6.809943077063078 -1
11.707049150797953 8.460673973247527 -1
8.18349562619074 5.045717381684714 -1
5.497462599815092 11.092963874694576 -1
8.420959347510182 9.658767047172335 -1
14.11922040331265 10.047071312392294 -1
10.830956940850612 8.1581150976108 -1
7.9827542546045045 9.45388209517408 -1
14.979418554393133 11.179282037117897 -1
8.60798294886576 12.470817105267876 -1
8.586260141174444 5.069680498083169 -1
4.066630328552505 10.473578345269946 -1
6.355284346066026 9.242789469806139 -1
12.035284183506398 12.373614927504109 -1
14.371665009465989 11.844299791109847 -1
11.985955231867365 5.358011285783835 -1
5.137399976807999 12.712049405291626 -1
9.41263802865972 4.78894560762048 -1
12.05933375534682 9.835372569956851 -1
15.647150600850772 7.418528881421757 -1
10.491237951665367 14.587269799544353 -1
12.452804712853547 4.662306782600503 -1
8.957059014820317 3.49879405462598 -1
11.982771669364034 5.428283180568531 -1
10.126983874533995 15.965677192449725 -1
15.448964797044454 10.116143435946796 -1
12.568762290894695 3.6902826321902404 -1
12.074454042966781 8.49716397357113 -1
9.230397559111196 12.615661871750257 -1
15.308185853156182 6.697018698091801 -1
9.387974646430486 10.363891125177005 -1
7.982116267392141 6.318127733300587 -1
8.33948975610793 12.052861634082113 -1
6.833442429656198 11.409737151038781 -1
8.601202710430936 12.638656750836352 -1
11.414114070196785 4.180644879870828 -1
9.849896773040358 12.287228429938823 -1
7.9673046142102555 9.370257015749281 -1
12.693152208320605 14.648321327593205 -1
14.64104164090229 5.2037357681826535 -1
13.740579695205994 8.772207597677383 -1
4.468549089672371 10.567571019494862 -1
11.633558514427554 4.354513340813188 -1
7.784349595510918 14.34365450307823 -1
3.8010839095268167 7.545071408780714 -1
8.581699991738628 7.472295993593862 -1
8.63090697960359 5.729713201713913 -1
5.472529591352235 11.778787200772731 -1
12.725688196423555 7.845016961893078 -1
5.745573641586692 10.555366747476931 -1
8.30014729189341 15.233939414256701 -1
3.955600027598607 11.995807577173457 -1
6.0092236419374645 12.446400082422954 -1
11.412260428177401 15.73084757028423 -1
3.653575399719613 9.778538602806124 -1
11.510528738237738 5.539685302245363 -1
9.212378788434044 10.49570582516364 -1
7.38047535041122 12.866714673334599 -1
4.920755445554725 7.437407760362955 -1
5.284495022409916 5.27224785930505 -1
11.54613708117443 11.991504680010241 -1
12.10299766454876 9.264584975264615 -1
9.245822345220198 10.7393676289342 -1
10.814665686753903 15.765825916073112 -1
12.924196741915697 7.667356705704995 -1
8.627978170353307 11.238710008314438 -1
5.209372037700741 12.313541223588958 -1
12.026082465236026 13.19526281272613 -1
8.071933378151757 16.443769807143862 -1
11.407438459350223 7.770907409096739 -1
14.746359271038669 12.126769548212017 -1
5.71997888183806 7.88059488310293 -1
8.949138116681175 12.2490216755701 -1
14.712613033917057 8.0986897396312 -1
4.3737855182720935 13.135355581226165 -1
13.874103328127331 8.439415300553781 -1
6.917315561232784 13.006883701252969 -1
3.905964255755283 7.468420846452293 -1
7.849055382622692 8.576649152386457 -1
11.263381568726757 10.949983375621013 -1
10.655302631366048 9.650779199777574 -1
14.711427251153967 14.242630092008227 -1
8.316448354936771 4.182264441744721 -1
4.194078828688566 13.07147743393754 -1
11.903785519191885 13.271399343172455 -1
10.399376877652308 6.34949462467733 -1
7.968048368137088 8.666319747203184 -1
13.916020725628893 8.70362076899524 -1
16.693300906148497 9.076250778314996 -1
7.247951113594777 14.339302703737086 -1
5.892000858988822 8.418627348612828 -1
10.3633788239753 10.06163097270912 -1
9.678316915080652 14.595130644298953 -1
5.611545182457935 13.237849521233358 -1
14.725153923862003 10.54845096645215 -1
5.075650073387948 11.438042737881865 -1
10.58899152406723 6.23292453806229 -1
8.14571535760585 6.8101282895767135 -1
14.555307548787358 12.61286369660376 -1
12.342045731713982 15.03355661154826 -1
14.831118342340716 14.315781358225113 -1
13.381138413972053 15.793411337593035 -1
10.569840628719383 11.584293594124112 -1
11.223965716417059 13.480773840225922 -1
12.550239446203515 11.992603245452448 -1
10.432747276186298 5.7715348332402066 -1
5.63649650937961 4.957075013524848 -1
12.651257307145062 16.01673276445702 -1
11.643809285489477 14.60330263628535 -1
6.8010967873253225 7.215644688007597 -1
5.368266138884574 9.704582271420888 -1
7.979295974312617 13.596969974553705 -1
15.029944137067233 5.5251867452591625 -1
8.731614003852084 4.678506093629313 -1
13.935466475549989 6.927425851762587 -1
7.9702476220371565 7.199628886864263 -1
12.436907400718072 16.470030664226982 -1
13.686832259968778 14.650843024399459 -1
11.38260843610583 11.02553857301306 -1
8.079212122709617 9.646108891708609 -1
11.942207797178412 9.091726650175813 -1
5.034091697896168 10.576745390583051 -1
6.864256158447448 15.278822186567453 -1
9.002039584124905 11.4188956320812 -1
4.606423571058398 13.527891142817248 -1
13.010862725415656 10.979426717539262 -1
8.540963287266521 6.063477570846498 -1
10.455798673306644 4.684340064940889 -1
6.086265076641202 14.929476031687274 -1
14.558966542571879 13.468707831486562 -1
14.530733408229572 14.07729865689777 -1
9.541368322035801 10.693930806202573 -1
5.406923395533825 14.086892101569461 -1
7.997631027626067 16.126669801647896 -1
10.645905282468531 14.041206574335162 -1
11.73034589356117 8.323549351741757 -1
14.559943230623926 10.240669735885445 -1
10.68352003772732 5.357934723654026 -1
15.502607352457732 13.896732102637955 -1
13.257244817362 15.517665302419685 -1
9.250586753571957 4.269863521491725 -1
6.104038714766151 6.3372889823916605 -1
13.650266179458335 12.164404454018234 -1
14.794220642214553 6.6556561855054035 -1
5.957616598166345 10.88605432389554 -1
6.769450569996711 11.675970720310215 -1
13.878666030803435 12.510207015176434 -1
7.788300783623228 5.631459077549028 -1
12.33455209690386 14.491277304794432 -1
7.45885627202894 11.381722005297286 -1
4.616270147961687 12.356836136982805 -1
5.220115756513335 11.820822295286764 -1
7.369162986423605 4.12947782235122 -1
9.241546734109981 13.014298728742515 -1
6.555038688455284 10.6530540649959 -1
5.769959280814279 15.133293271934624 -1
9.887063061881092 8.52647916207883 -1
11.93795252831359 14.914888988628928 -1
9.96473125524787 15.682180680348116 -1
15.12907289904387 7.695697030663011 -1
10.099992153771169 7.348752392254612 -1
7.016005090445418 13.680644384067618 -1
7.008390749284768 5.022947199239098 -1
13.809299639102502 4.861194041949439 -1
9.965480720214327 4.561472466703993 -1
8.74852706887317 14.665568065214869 -1
3.1082813977506296 10.081014079672075 -1
10.406964636986515 6.720206153685194 -1
10.432068495759799 11.450005722321535 -1
3.955333768500917 7.625019320861314 -1
12.628321085679012 9.677084963988278 -1
12.286623343598412 9.806502202674492 -1
12.936292531737797 9.671778756953682 -1
12.480728886018792 5.638424225779117 -1
9.976438563332977 4.715540223532018 -1
16.327425995879853 10.756283739731549 -1
12.117647223291108 10.668200932359095 -1
12.075249320491663 9.666069208810553 -1
15.442322376470713 10.271762599954513 -1
14.082649810558681 4.9134524716561145 -1
11.133771230167184 3.582529451304788 -1
13.021592034161776 11.8733958825732 -1
6.228851496633068 9.605402740329136 -1
5.9819401735386935 14.04729011882431 -1
3.4839624672691194 12.016364141553016 -1
16.361508131461417 8.637161356703798 -1
9.586562875373785 10.403757982707244 -1
8.395095974713184 12.445301004121536 -1
3.895301977224681 10.107591172091121 -1
7.144100141344802 4.57804684341149 -1
11.8750579778549 5.754796765567811 -1
4.55097718509025 14.192976740604148 -1
9.575940517574486 7.874612448829447 -1
5.80689250446321 5.693573536300438 -1
8.761398142045007 16.269263847215946 -1
11.839556841955554 13.765478676720518 -1
3.209281473633241 8.444270875449071 -1
7.093665848738877 6.26847059190686 -1
7.501545188678671 13.846080421958868 -1
15.153448535863777 10.951937310543842 -1
4.3437880475404995 8.975987925239297 -1
15.65290032122151 7.24743749151191 -1
8.347845854140726 9.275185335718863 -1
13.694043148590168 14.973575945818919 -1
6.003397540021469 9.978590596642078 -1
7.05787978994171 12.498406916877467 -1
4.152123977445601 7.894533620531332 -1
11.531887654133701 6.775032118116977 -1
13.452726745770676 14.645918223494636 -1
5.768250523657496 8.830198884082048 -1
6.563711992297112 4.430490255274806 -1
15.436177508556902 12.681733992862585 -1
10.942256929363815 3.450551319532693 -1
6.731157121806102 14.3454847126023 -1
13.066799643424128 14.813904130823994 -1
15.310799365292613 11.665513397648708 -1
6.830924850804361 8.039804592553532 -1
11.13746553744264 16.40596590687508 -1
15.313440873699054 7.322479368174342 -1
10.147550212990254 15.060493945023829 -1
5.473531511442098 15.227733683065523 -1
10.945201456540833 3.1496763167211372 -1
10.427128168526728 14.921050792829497 -1
9.468879146352636 9.442057693139141 -1
7.987956723779579 5.65203412086003 -1
4.330326111782892 6.918158657552129 -1
5.43803655934231 5.819791778836088 -1
14.10546020478402 6.371934685047362 -1
13.023689376893959 10.189536970456096 -1
15.50211140225185 8.719496601961065 -1
11.000015846171847 9.619207312957432 -1
4.631382292631503 6.112841688759227 -1
8.627671452739325 9.587073453882788 -1
15.116839765939671 11.469898553476925 -1
8.241836415266716 4.9171623951969945 -1
12.81362336096548 13.616922345310043 -1
13.098418966444383 4.810178317532308 -1
10.828937167666163 7.224647563750755 -1
14.089430670450767 7.755795205733802 -1
14.553693395917946 9.77816358447445 -1
13.095694895250382 16.060951094822983 -1
5.0590185831489425 5.180286959254714 -1
9.226775483158098 14.764001774209241 -1
15.339423641728835 10.835210555287698 -1
8.669733151921834 9.3955731235423 -1
12.222850992489153 14.33103323471661 -1
8.890368268502119 15.92794322667858 -1
5.616387099260251 5.690428092567017 -1
11.445193259576156 13.414049353316774 -1
14.850371427270465 8.730696409152 -1
8.296158005036933 10.676466325328132 -1
11.91326489316436 5.6904914184489535 -1
7.25645450014484 10.71040309687767 -1
14.263074109920042 7.129086505574326 -1
10.308253134280996 8.215282860804807 -1
3.0821508958692534 9.580448042558432 -1
8.436352671488827 15.995210615021914 -1
5.9670675375762645 14.290274151456757 -1
8.069801577687324 10.089196600813795 -1
11.642519956832613 14.723435600566448 -1
7.114170859064779 6.551793745342445 -1
7.264586913201172 8.336279830848511 -1
4.121054254264644 12.423879852705346 -1
12.766478813005593 14.887597098232668 -1
6.996226089442866 15.980162228095567 -1
15.607420359275721 5.872665108556077 -1
4.647234832702334 11.54740390147819 -1
11.256700298615065 7.32711943581992 -1
12.347639712882836 8.259507649604194 -1
6.126291917920965 11.34651631119561 -1
11.313929413602104 5.572241724619412 -1
14.242141755799256 7.135682644718373 -1
10.993101452309734 13.16953350288684 -1
9.94676250434998 8.793151480267273 -1
11.59009161192164 16.006434900330216 -1
11.258507887390943 15.98822225675109 -1
15.7090343872466 6.637566154396888 -1
6.393096238689542 7.489419088281011 -1
4.179396130952755 10.257287496062686 -1
16.188271922260444 6.853352709812482 -1
12.52960674152421 7.108973539150707 -1
6.523852199511742 7.297047767100626 -1
3.65492634924353 11.422279504403514 -1
8.087683517965807 7.271276877437485 -1
15.617382017938837 8.196969348036786 -1
5.896142754241396 14.600721864672748 -1
13.601224964343086 7.232568635492411 -1
7.423507906652089 13.209659259031179 -1
13.794604197445093 5.593849717273402 -1
11.440590711384893 15.617944006169564 -1
7.696523111043547 12.563398150694951 -1
9.247158943766244 12.172982924796862 -1
6.853231857954205 15.52678849011193 -1
3.794402417800422 9.06056163465372 -1
6.1050540023988775 6.880287671607547 -1
3.442603713997654 8.010562683201686 -1
8.521561551583446 13.650882462774705 -1
9.055305964315835 11.375096931165935 -1
12.921589809326159 3.6536311545662614 -1
5.955847188790678 13.371691202025932 -1
7.158392233209017 4.707285380809649 -1
10.121795584350494 15.047623569918457 -1
12.934152349459564 6.233631915557893 -1
8.886388111272016 14.146063707876408 -1
13.048560136396654 7.781916353608828 -1
8.231243916954883 5.567169366152904 -1
15.307461203206284 11.649411006743787 -1
16.812319456612716 9.207782599090477 -1
7.298104257381448 13.669850747331846 -1
14.961600215879894 10.303014219715013 -1
18.75631058717799 10.434403614272458 1
2.3304534743369643 1.5599574075867584 1
6.112675677499755 19.445099557413485 1
8.233911157276658 19.923281981116435 1
19.741504176163286 11.145191789653218 1
18.31576770435707 19.701139065505778 1
7.790741298928245 1.0671821167387008 1
15.645089547669714 1.665561384895673 1
11.34910103262525 18.541275188807855 1
19.594359220463627 4.219964953577959 1
13.516333110404513 19.056267604432296 1
0.36748534233655095 4.196938957664673 1
5.758843819272121 18.850075544437775 1
7.838120472043535 19.812936266850926 1
2.0215922962645982 14.80657761198296 1
18.60307989165458 3.399945442872785 1
18.266198014681954 16.07553934301299 1
17.57906638389272 19.402310217019348 1
17.279343216734777 16.218876263533076 1
13.397352964698591 3.85949741907903 1
6.447244996115553 18.21427295966502 1
0.6441360611436275 17.971520179593917 1
0.6058121364210711 12.340589153532289 1
17.284543657691685 12.190350544119985 1
13.584681275908112 2.5715597724742056 1
13.191058982200541 2.167769402579669 1
10.55426514516667 2.5671331091048555 1
17.498379518817156 14.853247979715809 1
2.6525069179342697 1.3438911249461882 1
1.5381597267612213 15.461927580207494 1
17.310946149234322 15.453476324295039 1
18.05432559162098 11.361460129491434 1
15.463621473237602 0.4311667934713026 1
2.4814443776550843 4.481638483157145 1
15.89714073855915 2.078820018187333 1
0.1553109119488294 17.026552307554542 1
16.07122039595207 17.058696421275638 1
17.165219146973627 2.9669762557079116 1
1.2410942428258398 12.408513977928477 1
7.159826551868949 0.720281760136785 1
12.76952874156845 0.9479607481659258 1
4.142954675622359 16.066525441215077 1
3.280236554053102 7.445821506941526 1
19.168975384115537 2.9633149908058387 1
8.26103157035174 2.5608391382733897 1
18.659671685829444 0.34415592021375563 1
1.7277835829685517 4.610781069302854 1
15.678648925505943 14.234352304918653 1
1.3674642996582365 1.5630184458881957 1
13.489463331778303 18.02488475534673 1
5.612822600062861 16.959481737777168 1
16.40415716481369 14.914478355664087 1
2.2241192398787035 13.462851561074427 1
18.083442479151945 0.6542749249582092 1
0.6994802157538649 0.8573722970121067 1
12.081719564161965 17.772275950015235 1
19.031020076362037 16.466372608141743 1
16.650594741618455 4.930666999063487 1
3.3727487701111314 3.9682086322629084 1
12.474503310022492 19.052644251368832 1
17.894753032756533 10.496591734479164 1
16.600313551331595 3.3086265193830022 1
3.941976696108924 16.84332972852949 1
6.457599692639984 18.76146823401505 1
15.690337441218407 1.8374307023066927 1
10.156052173298987 1.1089277600093883 1
6.918818754081784 19.341260062888587 1
1.1993705455856896 14.219477383037745 1
2.383508564832859 7.734277546367561 1
13.965593616802973 18.51316407629629 1
12.522811217719383 19.108068738675723 1
4.534542980882865 17.094995634193275 1
15.053613667388717 16.452946445226754 1
18.535428365038314 12.614928542441719 1
0.594527095836217 8.45730739971473 1
4.814579501586033 17.84111886454378 1
17.227645960893337 18.254968468838648 1
5.745181665825738 15.721375872310652 1
0.5774316135165702 0.16350811754463512 1
11.905745684267195 0.40248865155880553 1
6.900939034169518 0.8645027695981322 1
2.5272349463640453 0.2934003017080622 1
16.942711552582757 14.79360136770092 1
14.27269311635461 17.940646242887933 1
16.726062158723657 3.0229186192234936 1
2.0501753585067184 6.324736624030763 1
7.351491464211821 0.21461191937745872 1
6.344933053896629 1.9237518959406996 1
18.65529846680747 2.3590224685377836 1
7.282180602868706 1.503825407151833 1
15.05749397066672 18.016972800796335 1
6.365849719188534 17.196253138585828 1
19.40895472254804 7.2272348409568865 1
2.6642098376874412 12.342026395086748 1
12.726820465962183 2.713927560534819 1
16.721271935036956 7.691382382435261 1
8.156490251120374 17.88394051106442 1
0.26922943598933324 15.199813272163942 1
0.8830109181162249 17.829675700286735 1
16.846499458211202 16.237324323905014 1
15.400645332568132 2.219403279823078 1
7.124918220603602 2.6236234573411132 1
2.574260898182934 14.11272329156123 1
1.3488988247059441 13.632469273498257 1
4.047759490006633 3.0021293543834937 1
16.33242741138573 4.2716039291582035 1
17.294526666258992 14.184128826679663 1
3.330064466307774 1.5228127819249249 1
17.010935282452778 17.1999772925285 1
19.846774115747014 16.702509164463613 1
14.777288540691654 18.17751259007267 1
11.932544491234244 0.3337701973747276 1
2.497077193639494 15.496207718213839 1
16.417866279083963 3.157103689035423 1
14.16363171555056 16.51803754344932 1
16.33127402972038 3.8672051850987588 1
0.8759065529947296 3.2225104092050127 1
15.117103838627111 19.56540462842995 1
1.0742292100202722 6.0704277177072115 1
3.0178301585028544 1.5698390258651251 1
11.188008675533684 18.6430240928143 1
17.602795772717737 19.865013059130074 1
11.295701379584262 0.6606094566837961 1
17.68739881405231 6.270882626578764 1
19.09311064490213 18.562531246981674 1
17.52930348155315 14.703460622321582 1
18.483970385602014 15.581676827825069 1
1.7301249476615288 11.025064374030265 1
19.77837412844744 4.253465661552507 1
2.4112673462341805 18.242267852106057 1
11.395455201214688 17.563305778966434 1
15.4924520488424 1.7783943860966511 1
16.47339400000681 18.57304265078954 1
13.327567339232221 0.8054531259398234 1
2.9370667120519633 7.126650446891539 1
7.640777036104696 2.257083240234714 1
14.558369009667 19.297380149269962 1
15.595628272652629 17.691970107873967 1
16.402379833025513 0.906415356158643 1
5.491771792128333 3.3345732539651385 1
2.226806649422004 6.162640164549938 1
0.4868403103042507 11.142219932453315 1
15.826488852358441 14.822925545810946 1
2.845499121332753 13.163232527690614 1
16.363526201236326 0.3213254518424091 1
0.9163042435023772 19.33306540874608 1
4.055094209737016 1.110774244198991 1
11.596910173340898 2.324662000031328 1
2.0314258527056728 11.256336341662543 1
3.538027086494935 16.91646327657367 1
18.964187480020318 11.171210815443546 1
2.987034995926614 7.955364931960444 1
3.8585106022501936 6.152182160737045 1
11.038628940947149 1.1058981987226546 1
4.097187088217464 5.803936263322207 1
16.823352141297086 6.062011108925298 1
3.2226462297970393 15.490065820262863 1
2.789356340610374 4.291124969554813 1
1.8573988451088042 16.429633310824695 1
6.365945057479654 18.04932408120716 1
1.2877041885393692 12.536871384898697 1
16.556653083984322 4.251379609696244 1
10.157657438681213 2.104097367160105 1
7.317208410589487 18.671898320857675 1
2.921408925021818 16.92198711375716 1
2.090528329094057 19.693780924699084 1
19.914910345632038 12.391955597929261 1
17.12296082111417 16.25901096078797 1
9.06811665578216 1.6697634997871957 1
5.696697882839317 18.75469991382613 1
12.417645051189146 2.0840622542715925 1
15.81127248404102 15.482677930319175 1
3.260918913123412e-2 18.2423622483052 1
7.35180087969145 2.3133687937109126 1
3.332349972113846e-2 0.7443192715533864 1
4.885556530869543 3.0696966452008256 1
4.740147615534164 17.534945219666213 1
17.79684565674457 6.444495539715538 1
7.627514996714209 2.3745774619610827 1
18.334942353296007 13.955173408190847 1
4.293328148236737 17.326662425983784 1
4.517692121925883 19.339685202226654 1
15.212568900955896 16.22493281534482 1
12.10824063242791 1.5048603822185802 1
17.75770458234628 11.619875739735935 1
17.912252922347797 9.641575329234055 1
18.63133413817905 3.0617584268398246 1
0.5282077884008651 1.2223771133514827 1
5.3319352152006605 16.102604251911398 1
5.550606060486962 1.7786563294069957 1
0.9042102798685647 3.2672509173589837 1
5.6397394770203535 1.6101862204910544 1
16.93333581763433 11.353844380573811 1
2.566671109248162 17.02413484200522 1
15.180386789522395 19.410785057357568 1
19.128889409070865 5.987983720971403 1
11.176594291997354 3.280168332604472e-2 1
7.887585387858083 0.17595570563387009 1
3.317012738114642 1.1915618625924362 1
16.671136897792962 6.748013095467864 1
14.035378926367281 2.0884126986582485 1
17.63699597725815 16.054459570882432 1
17.248879100917133 14.792893348705702 1
13.212074631839261 17.467947632207213 1
1.0390483867153888 5.012714306462003 1
2.910625724666216 0.4304249070061661 1
18.015124535368933 14.726004575608805 1
0.8079651470829385 4.727742481547663 1
2.399996209923947 4.373017422646813 1
3.598771845409021 18.379212396470376 1
17.842733379999522 9.061852972242782 1
14.135115729264003 16.075933789296595 1
17.687725864625904 19.787782137641855 1
17.231215672725856 6.3667488459071535 1
1.6519885580171678 18.477733383396025 1
15.90187131867977 3.0265995207291163 1
11.620474196870203 18.738195302659143 1
17.86465997546131 3.417906325128528 1
16.19872655600066 5.356077595269397 1
16.541848718402 2.0600204519485588 1
3.6235242233456444 19.75468678307631 1
11.270697770995106 1.8682892311013966 1
4.738210710995212 18.93791007625673 1
11.159516681962813 0.6807414558937208 1
0.9746097850557667 12.891571130513226 1
0.8285984393330459 19.25173655699573 1
13.55976003030811 1.1584494002923762 1
11.746743280088898 17.50983156567558 1
14.818772757558325 16.786447560724998 1
4.086017541406042 2.3824593116805914 1
8.21184109669918 2.640269563747084 1
10.060231764083419 1.2721251322510119 1
17.218161033679102 16.8025402732431 1
1.181934300038452 15.389392540672892 1
2.990275787555845 2.7955051949464327 1
14.613730135690146 17.972389567781452 1
0.47748351979258974 19.25315491651715 1
15.105918685301882 17.82023115641484 1
0.26541896706552937 19.163834119406303 1
2.4377916160485036 0.5152533443593477 1
17.05482841399715 5.402381870501127 1
4.907005055705216 4.051498671759727 1
17.329037589099464 18.799704964890207 1
2.6675329412394544 8.802985269821662 1
19.365852999247497 0.28610176985197855 1
19.266039012368235 18.18209811755173 1
17.238852175912072 8.828723736555002 1
0.7374207809762345 9.07845773681345 1
16.446360224266115 2.391533563827375 1
2.022493131797849 18.29891000631538 1
2.399906690001159 5.713389385149455 1
13.803410787425104 16.891054818985094 1
5.4009844233399935 2.6777301353238014 1
2.5555246330561343 14.701432897399096 1
17.05970481384939 2.579977009414025 1
7.765103737650341 2.8095682189226023 1
17.625870003446245 13.707533322105617 1
10.617274809730954 17.906844957242043 1
7.372306667765278 6.39088564069179e-2 1
18.92602902498687 1.5493255850819065 1
14.730437754766324 19.425052265050176 1
17.713445668445218 17.23454036937814 1
0.5402986366312734 15.801109935192748 1
18.845830302619103 6.020820055162943 1
1.0529289094452032 12.281493284664922 1
18.970732803880324 9.12548975109629 1
13.552115037881551 3.190469026397733 1
18.54445430534536 13.415866130157072 1
0.8151244965528437 6.919136708846427 1
1.3517145464167823 3.108391334556382 1
19.710802450426932 5.8294641153438365 1
15.251556946729705 0.3757227162484056 1
4.797122061397017 1.8450844704618174 1
16.44430115189553 14.962926549122331 1
7.525093377343484 19.795789076582814 1
14.000590109628952 17.688708714462177 1
13.648609437557562 3.8175398756331758 1
19.37385572151461 2.724553074261309 1
1.6906821940399341 3.4903278334243026 1
17.947310557735324 2.787300313933605 1
1.8620684618492622 16.604723327716727 1
18.74176168886948 18.74411420162366 1
2.1935453547263584 3.5851045115381774 1
2.8865058953751843 11.329827387769399 1
7.060326121211171 2.696056338736992 1
1.952427745772034 16.91594970673814 1
1.3837245153185407e-2 0.765305641388152 1
0.6486133764278224 10.287976075987444 1
4.65177749980281 2.098013152463354 1
15.588138267555214 1.4237499175788493 1
5.626159726400015e-2 19.28633859531546 1
4.335089607668152e-2 10.86079740213748 1
19.68364586157469 14.609407691443678 1
0.6823589232807259 13.404618180819822 1
7.223442739302881 17.6866978083481 1
17.53514021810588 14.21353696257153 1
7.481666800142996 2.3080635320728304 1
4.008383084272495 17.556703785506834 1
7.031340611620918e-2 0.5695777240040711 1
2.7337638720726254 5.104609284648602 1
6.9292047216283015 19.82150264711414 1
0.24322951579639485 16.74829500596831 1
17.20450871527181 14.415326392947277 1
12.530961739344963 19.74894668378795 1
15.89495567743953 5.615698362552726 1
15.020968420151595 1.4028606046636627 1
17.216374306815393 16.690533860232595 1
4.100968257307573 2.6331379131513266 1
12.838346516666961 19.325677914895596 1
0.9241658812804388 16.45841104735467 1
18.539491545086833 3.458293038127478 1
2.0660949778609172 14.180657617567379 1
5.407355256004058 17.533001488574573 1
19.782775077172122 13.04981935971176 1
17.67007081369942 14.75398394890176 1
4.206706357274584 4.552535254634213 1
2.4847843240468026 4.508078663797594 1
0.7030757829625989 11.467098773567713 1
2.806428611740548 0.864990387904403 1
2.5571015232679395 11.091442951986444 1
18.312201625892826 4.877904300050588 1
15.419000256821931 1.4646628627998926 1
18.798575865173138 13.402657568185528 1
1.076746408254643 0.5747090123627885 1
2.908689731900578 6.618877200180862 1
7.673492068766256 17.500511816000873 1
18.220935215308096 11.377929542208635 1
0.8687630312766048 15.200582000432357 1
8.742282366557287 2.2458132523111884 1
2.5849551469524656 12.22908596010141 1
0.6953101693801611 13.843086802218455 1
1.9076668840859923 16.366501208823156 1
18.552744008516704 14.518022666333472 1
0.326387776607413 17.77217081521567 1
0.44967990462328356 1.8647402520907286 1
9.751830435214913 0.6701198922782337 1
8.808291245764648 0.2007988923010684 1
7.440454294161074 1.053829075117032 1
9.453516172296494 0.427803760890586 1
9.983363944954203 19.42568017395724 1
16.017905373585823 6.113347441446773 1
11.237041373571184 17.384481107322006 1
18.687629772847885 9.175731976393877 1
1.5225195403410563 17.42691527700855 1
0.37857325009824194 13.935461486395829 1
11.427437115496655 19.763402813708943 1
18.79898322725893 15.278288309742878 1
19.88021758827412 4.037483566655313 1
16.755354293973998 17.20425769022077 1
8.316259181202774 18.36779993087297 1
15.648596954007928 4.275280587184791 1
15.938263342712322 3.3867348095666716 1
1.9677507815734385 5.188774043818293 1
12.383870833903423 3.23448233024191 1
18.10148833944846 2.5442900803805513 1
17.08163264809127 14.858765588367277 1
16.312800059504077 6.7955203255692975 1
19.0555907115722 11.297901329116806 1
17.90392313828462 10.208622954608682 1
17.72175089658209 10.767410441640424 1
19.78624780136459 16.535662718729846 1
16.306858836154706 13.779339981339096 1
0.39237197805813695 0.925576259170835 1
8.335879907394572 0.154131542423126 1
18.66348702803259 17.18664907274993 1
0.3658493921017336 9.28805889033393 1
14.188808706022265 16.24725867289621 1
2.522632886099112 9.886839446428151 1
5.190098255625273 0.8832875008804342 1
15.182651176830571 16.793206009922056 1
16.767609482839283 4.226795257904334 1
13.13603978722536 19.95982561940491 1
15.64262523483391 17.024367851871844 1
14.564046145242518 1.2292103054019021 1
12.623980623516964 19.482319602517293 1
15.241752717513545 4.893454351245305 1
1.4480882604250156 7.9856736981748195 1
17.251389564464066 0.9294622799676766 1
7.745433077161239 16.9456131969749 1
16.791486440992628 14.473976375617234 1
2.2121577245188373 2.328403673617423 1
6.110832531178403 18.646792157113776 1
6.722221680797206 1.9376051048559395 1
15.317220382354137 18.523446045561702 1
7.38654032247185 2.7037039078738756 1
2.9271492763044105 11.544191665020584 1
1.7897572903018677 3.096264169049303 1
19.965613985636004 12.0955092152895 1
18.827957134061478 1.933210392433502 1
16.297156476558456 1.839241689992679 1
6.035868369980935 17.795010868362844 1
19.621156825277694 16.93573592596725 1
1.7699335591838339 12.168177176613908 1
8.347757819788901 19.35455056721545 1
11.056367239846384 0.561439008860789 1
4.85666876559927 18.30271511376212 1
16.45215358108047 12.92262211222976 1
16.762937452824342 19.443110798911366 1
1.9014439419796236 3.1438794363643074 1
10.414666610000944 17.768246440755572 1
4.2924721656461395 18.742332756292775 1
2.96326507241355 2.386549836866707 1
4.40075621036093 0.9203172700085882 1
3.210678417890891 1.3255684113646682 1
19.0004442118124 19.500301217804314 1
3.309947801137687 13.236291003713006 1
16.43796473999573 3.329452663915584 1
17.911549622659123 19.58742153857377 1
0.8243236307895541 14.8504323380414 1
5.226386833703655 19.485231728523466 1
2.556085941454349 4.6699608732104885 1
12.748255598832136 3.0602582440358717 1
16.479564601474657 0.7483018312335288 1
17.007605492574207 0.624115965080192 1
19.892128984059603 4.078853907494717 1
16.2566337678182 13.362941649615792 1
9.691544396420941 1.9784300240317543 1
12.253206995476765 0.2901866096071237 1
2.535577305129093 7.360182774191393 1
0.6196664603610502 17.552056815502638 1
17.899077196182006 7.239617274497652 1
12.72561659189529 18.114604498960112 1
0.9304827590270937 3.5262798859962374 1
17.401442888617918 8.13841890130625 1
10.249966673435553 18.147361042198686 1
17.009478399788282 17.810152335343837 1
9.862779520293572 19.367873821946077 1
1.4328402006268215 9.607129311798317 1
18.711981508126957 15.832492985927802 1
13.895947591747106 1.839442487719185 1
1.1456798955308156 6.373374024144153 1
0.20349764739078013 10.628485414224059 1
3.3185035909924943 19.803752469154833 1
13.206994298402533 18.165051793548134 1
4.462481947464929 18.58117863458896 1
14.064958593217876 16.30084300440309 1
2.076672240921529 1.1531209446888702 1
4.413196871707381e-2 9.97406768028526 1
3.0550522025536986 2.280009778259151 1
0.6636554507396641 17.636024994202092 1
11.262114156559669 1.02280729402219 1
17.851309711363164 8.684163245805783 1
0.1607938783833074 8.788908132588842 1
17.02945492113458 6.131423626404439 1
0.9660769976527561 19.72458251464699 1
2.7351000355145683 18.007716311747174 1
9.808884832586415 0.8102117356011962 1
13.605537309421178 19.561347602146114 1
5.353866487038625 19.75059169449279 1
0.6624431179630141 17.102881160813304 1
1.7389280059445111 18.81951213635258 1
3.674877040434872 1.7348266736474893 1
5.951933744689026 3.657771558541121 1
7.318228529919592 3.2497248093629594 1
3.1011854780731385 7.636205181824156 1
8.450140676876739 18.422178748717304 1
1.961503092000012 14.83727121943831 1
18.270617911120045 14.87975727593592 1
0.7127533435756628 16.75690470771064 1
15.274332737869496 1.0377974247881916 1
12.280244508405424 17.45010098631511 1
14.78287751740645 17.044592997031746 1
19.615748544806276 10.105096312024438 1
7.319864445315416 1.0377513844629749 1
2.3574030099975474 16.87107347842663 1
17.696534214648526 9.757707293942147 1
19.879900538594605 12.210357367113085 1
19.430401236118385 5.726529048987425 1
6.826861216134848 16.840653962005792 1
1.838905332396883 3.288063674838597 1
4.919771475873964 1.491111402742491 1
4.687582999065407 1.6924750290056667 1
4.775467371012361 4.729220332379551 1
13.135597743242819 17.658667280338594 1
0.6058936699655271 2.3551703767195975 1
19.06595992445918 15.250939701653268 1
3.700631607270637 15.05442013425623 1
19.999656831123502 12.179009285271977 1
4.3344881241412425 14.398918125810578 1
0.6168280386823177 7.080280740137548 1
14.780760797959582 17.53058220734758 1
9.79173073737728 2.068077437068907 1
19.300890660080956 18.735321051420442 1
13.023179364693663 3.2000260276066994 1
19.383331888004722 8.744307214639884 1
6.0150251138268445 18.73122203556371 1
17.266790241061344 7.062224404971255 1
0.6041309839632913 4.7991729410069395 1
15.158430837683785 15.368012170010843 1
14.608021526103997 3.2356306092598475 1
19.763373851534297 6.401085755029068 1
12.71297743466889 3.0689015518609986 1
2.709343426862487 13.57129402602919 1
0.624462536899355 15.468335802122342 1
2.0244290139478993 14.843094298432277 1
17.941483937780333 1.7969653293059884 1
2.240662462388252 17.864693837928773 1
6.887928016985998 18.048376480618916 1
2.0274975621761437 9.185523791156863 1
10.06910625986076 19.35874541870149 1
