7.751269943114771 9.988906575855092 -1
6.389517840359495 4.2175917663190905 -1
9.133180573260002 11.957662236103236 -1
10.83496142256589 8.624860097304332 -1
5.119123165855639 12.998732435423575 -1
5.330020198254535 8.500606855474675 -1
14.318978482721445 7.828568468620347 -1
8.87704537851282 6.053396350095028 -1
13.57004357071568 8.592202871331088 -1
6.556921825616955 8.390921845253573 -1
9.6773967394983 7.139657523471268 -1
14.045577025991566 4.581057054251369 -1
14.415774857847342 6.338682994763225 -1
11.395431710331586 16.785982952970958 -1
12.326300086504439 16.099028965526465 -1
10.819917517970946 15.146130572140311 -1
10.93342322982895 6.651653788327591 -1
12.650786388636849 4.764323218522401 -1
9.65583721183142 14.82142594069533 -1
9.215311648549081 6.431898551073831 -1
4.110182095652739 9.720219002246452 -1
13.457578610991842 8.367115791933237 -1
6.6145642347196425 13.347822806905093 -1
8.778746040647832 7.794324047991557 -1
8.77669611150287 3.724000108934189 -1
6.19969963366807 14.619321880703438 -1
10.109360626915436 8.708468744043 -1
12.319284672378156 12.789808381930213 -1
5.7792512317091145 5.918421601271497 -1
12.56543441322558 5.597474154698809 -1
9.108083551384393 7.483103750639087 -1
12.587997464980088 9.762703638872882 -1
9.170262842238046 10.919241221635401 -1
10.666953352767718 8.210808198606054 -1
7.283747879683609 13.240196661569 -1
7.9191624315389 6.603537149351155 -1
10.267665066369513 3.1536526712528534 -1
8.458125552528609 6.525530102087651 -1
10.654499168927867 14.08175763923702 -1
6.400390363484005 10.020041869325535 -1
14.939885485301044 9.12617780817666 -1
15.862365678903718 13.729090066609427 -1
15.419785080904166 12.565830591163934 -1
4.754913272846646 12.313864499926018 -1
12.357403592961898 15.53961291298251 -1
13.171012266895543 15.559235309472172 -1
8.268984678085662 7.875468171051894 -1
8.808666628281944 3.2634544153058553 -1
4.483982081431881 8.507788517562453 -1
16.417107995637387 8.479985675976522 -1
16.367594828588444 10.743612097628183 -1
11.97946023401764 12.324791447954839 -1
13.747906953077036 8.28542193405313 -1
5.435260920606149 6.289938067409793 -1
11.442798831408865 13.030858763994 -1
8.141207811572148 6.826556673882365 -1
13.247949291990224 9.843046057958261 -1
11.193679896087321 5.111547063506869 -1
12.804442914300951 8.632419695909608 -1
10.974104525798573 6.502316047539358 -1
8.108355854811137 12.37611032994936 -1
6.23192285609851 14.62337883921435 -1
9.941854044425346 10.994576980684519 -1
9.683195875479875 16.74843194311709 -1
9.684098591931551 16.94139076633136 -1
15.41686325919077 6.811329882536281 -1
8.43101132233932 12.90296555469904 -1
12.5486704568544 3.771019968911493 -1
13.532955283430077 10.588268475912344 -1
12.303873221638938 5.041215193314159 -1
15.187321228253627 7.285757641470116 -1
13.533420640414416 4.97603095683361 -1
4.329666802827301 9.129762528075144 -1
7.970745750228634 7.656070730625131 -1
12.398761920480826 14.074129536981033 -1
11.948984385384712 15.383000807495256 -1
9.211541496470275 11.719855992652144 -1
8.717558324857793 9.355754713326633 -1
12.7221605043948 12.155766065916238 -1
15.698804029616804 9.073104959822532 -1
10.899007543734076 9.583070796531818 -1
3.9082307754354018 10.731131454456971 -1
7.163779855770374 8.97264549328125 -1
10.143979849759024 10.77478570312913 -1
4.682392733518674 7.550165967516156 -1
10.39165687526992 15.074404700211248 -1
4.778511683385844 11.25046699214245 -1
5.239167681443504 10.142203507694322 -1
3.2151414076876583 11.06953874907418 -1
3.442310677462601 12.400331600010674 -1
8.461949828346265 9.079326137782672 -1
12.70559481820252 6.537914129395723 -1
8.806408420196846 7.437286576020952 -1
10.51182608312235 16.807518391680038 -1
9.746825372951864 7.151264168782594 -1
16.069418284727703 8.293041985535654 -1
11.00458070180534 15.469709703768 -1
11.237061701004352 8.211645987958585 -1
11.840090937228817 11.599508815694241 -1
11.285309081123089 3.7858000373447864 -1
10.914023954828785 11.41072962473209 -1
10.238043119738144 6.567629336875269 -1
12.955191318232199 10.427297736503983 -1
6.269513719050406 8.510506443190495 -1
7.618122464330543 14.02405336898414 -1
14.076222696178815 6.867013865150886 -1
16.215817703484532 8.385472318910827 -1
15.066746727553733 11.514149000396095 -1
16.045568645221465 10.222002517464668 -1
4.123201006440231 11.098236382731812 -1
14.691137416162714 8.286897542406717 -1
16.297845335428605 11.424533210468194 -1
8.968600308271256 5.653436700230179 -1
11.951049350039487 16.52616415953885 -1
4.0257636089603395 9.99759579602677 -1
7.578714713046775 3.642408925294651 -1
14.691740827778858 6.985358574288744 -1
7.583406228330194 3.6459551669210644 -1
12.125291449524862 11.043009438007092 -1
4.352438556937257 8.720154017313117 -1
9.065732805939975 10.232302565536822 -1
7.600273529526853 13.104676293775059 -1
12.214030142097815 4.371717370973524 -1
11.945782619649991 8.590145584102988 -1
14.27956856876975 9.281779532490525 -1
8.391298846180483 13.381307908156717 -1
10.40440945534127 11.380719326917157 -1
14.213641292731552 6.6601917622902445 -1
8.133145996720547 12.038511772084421 -1
10.381451542224253 16.317867777097113 -1
14.279161078561655 10.501739061242194 -1
13.244007854376726 10.103361197325318 -1
4.70389718969344 9.968720624995557 -1
4.750664803837932 6.668491884426357 -1
15.45000528807857 6.795576753657786 -1
7.963199070043485 6.575947593611728 -1
5.265350314230382 4.963965167743465 -1
5.491330599576449 5.528666113880025 -1
11.471132845881431 14.111781297854977 -1
7.232160606951266 8.374422202670042 -1
7.112191680542983 11.253230453278466 -1
4.815380852769806 13.927734581251393 -1
7.360126027379195 4.051300678040997 -1
7.617373509108294 7.660095303766843 -1
7.532036603853607 6.129407438545815 -1
8.395972138632109 4.370753574097714 -1
15.423728139475916 7.727250541358424 -1
11.456607759519146 6.305706038224503 -1
8.150534877582817 7.335792226322182 -1
5.460924429939524 9.530997946967448 -1
13.126656242763397 6.411346753739462 -1
6.030912817805037 15.66297991525628 -1
12.566965592715945 5.430899942795682 -1
10.43213375612384 11.99125502076248 -1
15.315927394681143 5.615982836546934 -1
7.043364383123265 6.969539123029572 -1
14.98378580071185 11.496682070862082 -1
11.22094814108979 6.684510980537402 -1
5.82469721810289 6.862468265874848 -1
13.867948227013622 9.906456637715614 -1
15.23846414938042 12.021463954223641 -1
6.404018803337697 6.351310112370603 -1
11.21032112179201 8.168474121518658 -1
8.529222054874705 12.51939842115937 -1
15.32776636802383 12.031918860331992 -1
5.618570525287534 6.3002001633373155 -1
7.611080700861601 10.54369413488865 -1
14.115958955622395 4.546282069334547 -1
16.5104898219242 10.214067553707089 -1
4.958169404404744 11.326813570188332 -1
15.45425112643821 11.104131052732832 -1
5.1340564349480395 10.856591268799496 -1
9.265898738566289 16.691844885085185 -1
11.534612618257329 6.215584816130351 -1
9.000261354776224 9.015364406465148 -1
9.640557953267692 14.263979833624274 -1
4.208624113052926 13.043131062384973 -1
15.561627470919781 11.33073661019834 -1
11.220646393753245 9.710056860749106 -1
16.514110572696715 11.45991346749836 -1
12.134896297884358 11.36481543921226 -1
13.725214570057972 9.2597344147256 -1
14.432918341980939 13.12945745533809 -1
14.565997005311102 7.45586899423855 -1
12.000336383285678 12.037519362646078 -1
14.897479124260936 10.902925108066333 -1
10.29646083100183 13.677928602850159 -1
14.4184110699542 7.103391114629176 -1
14.840959874735127 10.095487602928204 -1
7.033573775787083 14.298940576829896 -1
9.190279452698533 4.546111679713154 -1
7.594251263974434 14.139751279946859 -1
9.218667037724146 4.664926309548337 -1
6.736084979695813 6.549692134818184 -1
16.057808142518134 11.558332332584122 -1
4.961930541240294 7.004147797419684 -1
10.036752577821117 7.275045221373024 -1
4.324294118104017 10.067528986833667 -1
7.603599515731085 4.307517068518811 -1
4.598843875424345 7.673468973766891 -1
13.770756708234508 4.796428530655583 -1
6.967812674281843 15.701544225603465 -1
8.108636790728792 14.82662503571083 -1
15.000886202764043 9.00132475880681 -1
9.555674224061086 8.367850750003429 -1
10.022633632467352 4.303553869869545 -1
7.447714549262708 14.222960358486445 -1
4.386104694329314 13.959284018214262 -1
9.262079986434058 3.929231183598485 -1
9.218738656181271 8.46210715539536 -1
9.243620067242704 8.886809812335683 -1
13.984644539858985 5.7913162119420525 -1
8.95686705900179 6.675021979933442 -1
11.834095450893486 4.786701770444779 -1
8.1869463944743 11.614006696403978 -1
6.359276160258558 11.782188405421877 -1
6.761739750384235 8.622927215987886 -1
4.330213467155469 9.532827147866506 -1
6.037501261702878 10.618670059350572 -1
8.846200489205394 11.901177219599884 -1
8.852675426812013 6.505085502129666 -1
14.317230680827493 15.408309587586647 -1
14.416518468910496 8.003827350425105 -1
14.936115657794335 5.789161582059084 -1
6.358465748872857 4.847970021262558 -1
10.515949219204618 6.461657780758472 -1
9.54000418346697 14.533255536731986 -1
13.911289535255904 4.3027273096286685 -1
8.671635437763221 3.603988543153638 -1
5.883920758863961 10.432278686517156 -1
11.977069476867515 5.841787076576348 -1
9.789192652776084 8.31419213222988 -1
10.538475764331636 6.971125556908957 -1
11.55666325276073 3.3259448940091807 -1
9.68172691691213 8.157676335870597 -1
10.647540291344669 5.002904018573011 -1
12.130169209044448 16.1576984185753 -1
4.0659116376987114 7.917879071471421 -1
9.338436289710263 15.450873435311115 -1
6.507700928265443 12.8986382322616 -1
13.221859090550385 4.302263232745824 -1
9.63142012468092 14.8236769558466 -1
10.740781731898636 7.077931024262991 -1
9.609226867047372 8.06882582303846 -1
14.507781713613957 11.158002029143429 -1
13.92396409783862 10.31272617762176 -1
5.1132992033642255 12.332417767809993 -1
4.073821776890625 10.706954003537037 -1
11.93570969292754 4.936279768674767 -1
13.35933952505168 6.173894465619252 -1
12.492653242903966 1.5880740824124628 1
19.344925394829616 13.439060851770153 1
18.285629866633283 5.3677166870039805 1
4.620012806671687 17.396363983393044 1
7.811783975512743e-2 14.573905884141176 1
1.4576442867235029 11.7018037396114 1
13.191560860050329 18.175637101484032 1
18.410602918215623 3.9981410269758877 1
11.619040241341832 1.8015099769088305 1
2.804962204098509 2.6226649404500235 1
17.352907063055024 15.097817459388194 1
12.831404517786353 2.7483221727784857 1
15.398521471325047 19.06241103435147 1
16.822709824063324 15.010584392000176 1
12.778059748924866 0.8568951452041773 1
4.715571465456881 16.87440856558297 1
1.3165726461640892 14.26307514088264 1
1.9095628277092302 6.0467133606473205 1
13.346822530708595 19.895205114718305 1
0.681204616772122 11.672061713626407 1
9.34446076046294 1.7169362062256033 1
1.2581892529286254 5.495746188732211 1
5.761319009462871 16.73023349524287 1
19.854770193892218 18.38536474941305 1
2.5158909105077965 9.784851162614759 1
9.44800797955403e-2 11.003464114818707 1
16.110627456773546 4.243103993658988 1
2.107475981409981 16.763000665577266 1
18.819748275137716 5.457881886945599 1
17.6259737668536 13.912661634258814 1
4.761817228666214 18.64743286684633 1
1.0234888730192582 7.860047433457591 1
6.729860722567329 1.6306635638859834 1
15.733587579598083 18.984412737351274 1
11.02616429805096 18.35536085954241 1
6.582461070344985 1.3643983853031227 1
4.264439600317447 15.39219141209128 1
4.859074985342753 4.217218570908834 1
12.933761815429358 18.378527592167856 1
4.613084683137578 15.217624239244223 1
14.99510379939122 1.4409059138874047 1
15.71640835038534 4.94499936191202 1
2.3394441019601864e-2 2.5173518932640104 1
12.498388541670478 17.77654324025782 1
16.680916292683335 7.11375608075147 1
17.6434415507547 3.9417029373092327 1
15.149712600211384 15.436153603180658 1
17.69086590455106 9.415098033377042 1
10.895152972538185 0.4327446830335435 1
1.683778246178118 16.735123664311097 1
6.166553070411824 4.115637029043828e-2 1
12.310579199943959 16.67690717549222 1
15.931678926903423 4.577896163957298 1
5.781331641505439 1.8035233410441753 1
17.653019765053173 12.916479777846295 1
2.5321837474372666 1.5861647664324163 1
11.754929088096254 2.092917084051882 1
1.1481658742966872 4.968718454840248 1
5.194093868358198 18.737287015552205 1
17.150278208356053 9.445776257965866 1
2.488213555358443 18.119288649065556 1
0.12508174664298988 4.429480922331869 1
3.229856658240855 19.786751535108166 1
1.6855357973824314 15.906373210010734 1
0.6534846375373715 7.994554581246673 1
13.780099364173024 0.13621345872354196 1
18.9703597068319 5.994559645342132 1
18.536089537152606 4.974691070634241 1
4.041562710930606 6.067719969318044 1
16.366549565050722 3.051239643051733 1
19.954914180981223 7.0280608815619345 1
19.4852203044385 18.90971277664876 1
17.295396769882824 18.590959462653306 1
3.353857113088148 13.936379126998206 1
17.733354228445325 7.7073278402502465 1
18.996462512145126 11.982763086689712 1
16.709057226095496 3.1249758589671606 1
8.279871478301148 17.39850429999081 1
4.4691976023950115 5.107698491711659 1
14.044245775908959 16.71682587260409 1
14.264803755525119 17.20476926355636 1
3.611207700348076 16.475691701335137 1
0.8328667269000567 3.7361930822514045 1
12.31517274422665 0.7798554907588606 1
0.3438426467767708 8.746063189774757 1
14.366357783175408 0.8269537953389605 1
6.32690286194901 2.523195211797875 1
2.772343024375914 5.736072343959167 1
6.8069684911071775 19.94420497072934 1
2.5350281766095883 14.83761547705041 1
18.11103168449267 6.051720553821873 1
9.740740554830422 1.09201924401497 1
7.149386680115912 17.715491890489734 1
9.650252305985862 0.7070595882290975 1
3.052080571066984e-2 18.795564655335212 1
16.76124029199771 18.035121407155035 1
2.127615660489255 9.6755166545363 1
3.7063861636807593 16.99140682504523 1
7.1120867004403525 1.0336643914381605 1
13.91198916805106 1.7725187741879656 1
1.161946621023584 19.941498052238373 1
2.9689720883656334 2.3987861780944586 1
18.96879782075161 17.09066317495472 1
4.322070568406495 15.558223172365437 1
1.2294899411035387 10.484329780670569 1
15.55004387889246 1.782646741588687 1
9.469365240465272 0.6855581944865374 1
19.77515465459968 12.382455086085841 1
17.132756139367014 10.690973046386814 1
8.317469136684256 7.040324134229614e-2 1
9.342060987860945e-2 2.927377357788279 1
1.3403341904724275 9.352270023691718 1
0.14701186921215914 9.145695951379974 1
5.914587016018356 17.07099683478254 1
17.625875378326384 9.619183590545855 1
0.9370877447174752 1.7820518045191713 1
14.565163780355913 17.744394300046412 1
4.151964679862714 3.484543770512285 1
6.785981310405136 3.078160368113616 1
15.899954879148567 4.0319353231649195 1
0.4126187019076122 14.174417017242547 1
4.313976113378963 0.7543253356392476 1
1.0222183995846557 17.56734101064042 1
19.847268731521247 16.28572773751816 1
17.591054539478 13.795785369376263 1
2.403048823370846 4.701743525791944 1
0.7651820583783953 1.4435248582568172 1
11.046963382713383 2.797051508354842 1
19.61226068829981 5.405450793583588 1
2.504836779169135 7.321533232603626 1
8.408566515988312 19.263964660836223 1
3.622175511526702 13.25530771721853 1
16.14957747693136 2.1748657832116125 1
2.85589709289805 8.381754136545807 1
2.9309222628929055 6.516956249737631 1
0.44290460445339797 13.421683892629899 1
15.678489341134176 1.0737454997721319 1
12.456326755661172 17.480702408668133 1
7.197497399089889 18.735147753356486 1
2.5503892788113824 3.749916913875284 1
2.439972532892818 10.171724035639858 1
6.1084237839621895 15.943839538429286 1
6.253336183839043 17.64594295760961 1
1.8251393133601468 17.60953551509482 1
17.97736102002766 3.67773181784103 1
4.268285410363404 5.288503578154582 1
17.140140633147315 14.832464540260322 1
7.303634332989302 2.2551655689416217 1
7.383015377227742 18.11710626604548 1
14.679283333066163 15.683717520138547 1
16.262280845385394 1.4769684041622733 1
16.875066279134543 5.605705013657545 1
3.463634785243226 0.5303524362217771 1
15.738104642475356 3.2002902502893016 1
18.021031911217054 17.097402144415366 1
3.084066447479421 16.766798134883686 1
1.2389931688101474 16.693528892580073 1
17.341967269235393 9.723324434167218 1
10.006373986365908 19.318577694580544 1
16.492233548856724 18.061515730036174 1
19.65077251686518 2.1525035694554906 1
19.7692405147454 13.463048169428458 1
1.7276267844590087 16.379185812640603 1
16.89820761515492 0.10986490489026224 1
13.432202074142452 18.807510466520448 1
2.9396130326635483 18.33697947837341 1
17.382035147283 1.204345860775824 1
14.179901343181825 16.09088990363546 1
17.726990199777973 19.952651557816186 1
16.501739792950577 15.899326663752493 1
18.656426035152442 5.829811434497683 1
17.125432878613363 16.31442176317271 1
17.382101184167542 13.4068284399481 1
3.1948171889800037 2.406154566245875 1
0.8757723513828153 10.837666149981974 1
18.100995852895267 11.001949667866596 1
0.8436529605934706 9.742223110198815 1
14.945563772929102 15.324482419219567 1
19.46511438235403 19.869909558380265 1
11.6793749722174 17.493266538888626 1
18.252693243473367 3.5282720237035914 1
2.2732091124635745 13.944859534916818 1
17.782460080770374 3.8153286611966664 1
19.31213302552416 16.280800847777066 1
13.544454649868875 18.787065071191016 1
3.2353322507316085 13.389060500170494 1
16.851070323701368 5.512579884013005 1
11.667112166904479 2.406121057124837 1
2.8029120876305047e-2 17.506587123855958 1
0.24288923432128184 11.841954004124485 1
9.409228987961578 0.496592877807287 1
15.034978094406865 19.07874790258522 1
12.078914775646046 17.531451632149853 1
18.009753259333014 14.855412632889804 1
16.40180766157764 4.8281686926241685 1
2.188198418989087 7.107732026017127 1
19.527900932777197 7.560927376611859 1
19.678170623705086 8.790247429220447 1
16.21127676595344 2.0513220153943568 1
18.56615485758433 4.532692088107861 1
15.851712823770914 5.941589375464056 1
3.8930524510808873 0.6993271508288856 1
19.69607889531069 3.596933369233617 1
10.814838681462744 17.379091807775136 1
18.205328036614127 13.902984635935283 1
17.1062962173648 13.669557490785685 1
12.620807566581524 1.2100073632288333 1
16.286124367922806 17.77970141435348 1
19.708759202019493 10.507414184289843 1
1.8979427481538624 11.22290201786564 1
2.01175454723858 10.38140685808285 1
6.98065304736825 18.115005247786158 1
1.5734389446601638 0.10219243955750468 1
15.644283516090756 14.859882486882153 1
12.736899098848141 0.9162661227702329 1
2.3422729520875696 6.587897694122493 1
15.730381647605736 2.2999379114995633 1
18.7836282200723 14.68076659891162 1
18.033034633746098 6.148294936939839 1
4.51299527359339e-2 13.818472202408518 1
18.920584292729053 5.692844914250818 1
3.465232450281077 4.876887507270173 1
17.11946428292224 15.520795905748699 1
10.209696020313764 18.28613193693383 1
8.614709140763733 18.372249725073292 1
3.192720750309599 13.568841458101975 1
6.166289890464829 2.240953051282235 1
0.8140519502198962 13.489674565555628 1
16.867096383476998 4.347843187184619 1
0.9209356699515814 1.5582437560579931 1
0.1128365385840513 11.591934687888998 1
14.292497455062012 18.856586558938115 1
4.108777452892365 16.87502894633455 1
4.53127775494945 18.618616177504194 1
13.388590297902578 0.4477196873463152 1
3.10059617402751 19.08478488613515 1
17.456379181833825 5.494297021231795 1
18.889498451188906 16.4611896838352 1
6.470382649947362 17.903583538522327 1
14.775213359477121 3.4736241138008506 1
18.43216489196182 14.717228140200554 1
0.7003021407623722 9.756115838344224 1
18.452402183312408 2.8146531060014035 1
17.932819355830002 17.006129059707305 1
0.8668423621256371 13.020526201809933 1
17.526833364252294 17.022222498495005 1
10.053846913281166 17.130412656356413 1
12.13544054893353 19.511151564478617 1
8.681561255877867 19.521701501168096 1
18.350523697192358 16.87148015475074 1
