10.518963328155017 5.983388471824118 -1
12.501716356723678 9.07935456444865 -1
10.951258480586109 15.46874322477157 -1
12.020063378464537 13.994172066563324 -1
8.823613173998346 8.350882775852195 -1
7.986012436892127 11.245382338934268 -1
14.952782930369086 8.86506307552028 -1
15.1321328347391 10.975461516648817 -1
15.838467504828182 10.908212449587628 -1
5.940094583633655 8.724147796309476 -1
8.580373302491985 8.737543391581115 -1
14.279100875398225 11.640680378653858 -1
8.379004080768134 15.810026064796405 -1
12.474863639120596 15.012509562775788 -1
4.765690576836519 12.40799230006515 -1
15.75971543080783 7.3555743508829625 -1
9.682351983104688 14.841204938492545 -1
9.260890398862925 7.1730459826682225 -1
9.08020088884437 7.097531000581769 -1
8.166155867671673 11.285847705301517 -1
13.846358969059455 15.260583917911978 -1
3.4903040807772268 7.551407038300431 -1
5.9404988764241695 7.984974482393112 -1
5.879714566978462 4.727504267663656 -1
14.5523869111668 8.488724121595295 -1
5.2650861267487965 8.43391488809316 -1
13.925107857745623 5.124445280680295 -1
15.76801281158762 6.734475124962975 -1
7.2590233393973485 5.536770343876352 -1
6.407627024542477 5.21819924479463 -1
7.588526100639637 11.186059375248194 -1
6.618380729535602 9.401354401604502 -1
12.347770624429389 4.3044042894527434 -1
7.170187828784216 6.3219920556871 -1
13.090156619147118 4.05343760054439 -1
8.63185308988742 6.365449145779996 -1
8.678169889232406 7.8353441337769585 -1
5.313761115736691 12.896244103434835 -1
16.115889761561384 7.122273763526518 -1
10.125600973567659 9.107363088151816 -1
15.277216909095625 7.368469561697211 -1
5.722729731948835 8.18551562642539 -1
9.351714972848653 4.402693398359066 -1
11.931034391835443 12.434281553709678 -1
6.8452184775989195 7.298967033142487 -1
4.687439389591599 14.472528824966588 -1
5.217102054685778 11.60496155409791 -1
5.307839111702264 8.5015665709735 -1
8.493691802352467 9.427146168013632 -1
7.399124660171646 4.1028114486842515 -1
12.656270651376193 10.095629195833132 -1
5.827969034592789 6.6272399841280505 -1
12.44087626781484 5.680755141835303 -1
15.953042257195204 6.845753569626616 -1
4.891573697915574 6.504178787497297 -1
5.529613249380246 8.127989688987867 -1
15.598536290773065 6.864990272035119 -1
16.11478840236642 7.302431277296185 -1
15.579510027339387 10.669411681870624 -1
11.153761429974523 11.708562361064006 -1
10.403466238484068 11.975821282050113 -1
5.659168242890338 8.841923232183294 -1
11.194240742500295 10.65622485753275 -1
9.21934838561592 8.901060852504344 -1
11.743110457516595 12.325904133946196 -1
16.367752925619236 11.219351110748901 -1
7.501937339004376 13.614516935309622 -1
6.917392679553265 13.338581167520891 -1
8.053730280814648 12.36447147457409 -1
9.75906393239814 7.705306431887808 -1
8.263913512654694 5.5314595978260535 -1
9.233125204446825 13.036385208855311 -1
8.608991168117996 13.152537190773547 -1
5.935797220217706 11.817214719752577 -1
11.8650667160623 9.65753548581133 -1
14.67372542055707 11.382944458147646 -1
15.846989143558261 6.719870805562616 -1
7.13378236405058 11.130023303018131 -1
14.249109581368803 6.275950081629029 -1
8.404689506430667 3.3947596505784605 -1
4.917410372773794 9.844557281001356 -1
3.1338976187806233 10.991374841261152 -1
5.10663699078405 13.266502863706368 -1
4.161617705752974 8.147807586783806 -1
11.849780986469383 11.968123456957926 -1
13.162515069191512 4.6274394549138265 -1
7.464905851425825 10.063193159046559 -1
7.558351238074403 3.455606780764169 -1
14.063407803449646 8.961609787219135 -1
10.248149604019254 15.57715471001532 -1
15.12672172925103 9.628698909413147 -1
11.693982184473992 3.809541337254685 -1
14.14658567719396 12.94926844339126 -1
4.467657414666606 11.134786707837737 -1
10.833844131070641 11.478329681488804 -1
15.4396031982919 12.416289489758531 -1
12.045957782561034 4.26279429660924 -1
9.500208301311972 4.116011455299972 -1
13.851553331126357 12.187564565834581 -1
7.385930731653727 6.100296582251068 -1
11.541503396720497 9.969375234151856 -1
14.112977025572036 5.457976348794378 -1
10.84895913183958 8.89238899942637 -1
12.37442873619804 7.59295879389952 -1
14.715591758274583 5.566953027817454 -1
8.966931061731403 4.461029403883938 -1
3.432449680523044 11.670739544204903 -1
14.816054337028167 9.465019976520303 -1
6.843468722749602 10.384952003447072 -1
13.174586631217535 15.993139420972366 -1
15.563855120258342 8.864045054423837 -1
11.414451203978755 6.605876045731147 -1
12.493747966051995 15.878333707959335 -1
11.158502131406046 10.706657116684003 -1
5.311955866196376 14.07989167156009 -1
11.439857826387161 8.211901962521377 -1
12.804543154056507 8.761777205664794 -1
6.998347215619338 12.11293989853678 -1
4.144522114490465 11.086390226931847 -1
5.238246132344086 12.464547407971576 -1
13.724701453014125 5.537440448996039 -1
7.738781642760175 6.876579563895802 -1
10.616399432582584 15.900406839471772 -1
6.322573292168281 4.176828547894054 -1
6.235396372930664 5.225690497385578 -1
9.22668179929624 3.962151579686315 -1
6.05477135811798 11.364861689343474 -1
16.599681619056472 12.097369843872395 -1
8.610039279828632 11.217055510774363 -1
10.39821057648747 3.7326735299905356 -1
11.165418105180969 6.061418578224522 -1
14.818393027748154 14.63736030471669 -1
11.73854999901791 9.583600138070768 -1
5.8129603769491744 6.724198703878814 -1
5.741111570373021 7.442924952132815 -1
6.248262380312946 10.021868685298632 -1
14.816416310365073 9.215222009597174 -1
7.092926121490133 11.609578944140997 -1
15.201334927719547 10.648118668068573 -1
10.640624833854918 16.81135631378273 -1
7.020119376418707 13.738770683055437 -1
13.010841662267849 9.614296618184635 -1
4.085303334018013 8.436084294104555 -1
10.112197900381421 15.570148299831212 -1
9.441020116147243 14.391707915505261 -1
11.263301970853167 16.731386138574308 -1
12.17330883968308 13.420900855847325 -1
13.278724977976534 3.9188115469475138 -1
7.447651122477867 11.70176749074689 -1
7.678201790216443 14.976996909232348 -1
6.7044013158070115 9.148136907794349 -1
9.79652777603892 8.085835013939766 -1
14.485104678045227 6.566702194878465 -1
7.417044440168388 9.25872348345343 -1
6.436263978638963 6.732043473643216 -1
13.502937086836583 15.986795870932388 -1
5.816858427112132 8.87267147575151 -1
14.660610157226596 9.6972683102192 -1
14.888448082375017 8.07866136960666 -1
13.2615719771028 11.57556396977196 -1
5.039391789010326 6.5123681294856866 -1
13.145055886239621 11.20381168379502 -1
4.4894996439010315 10.34548472796143 -1
14.392492104341471 11.627172773311536 -1
11.027515291286935 4.002994559684998 -1
7.445738819458527 7.1572083370527695 -1
6.526196664846915 9.374709002689855 -1
15.622889514450991 10.8884295553298 -1
11.71359237815844 9.074824368751388 -1
10.84386088297747 14.747116558714573 -1
10.432307580904238 15.76806303742017 -1
5.6107626931189785 12.50317942833459 -1
11.347982240512495 9.959501204795432 -1
14.62065937660495 12.93303579690788 -1
3.7172394640924744 8.752047425214997 -1
12.483396632330788 3.857187439463028 -1
12.739524162777425 14.213955397996063 -1
10.381678225986919 13.524493223876998 -1
13.577185776758952 14.630297984226566 -1
10.094682050722795 3.3061582774229237 -1
6.825622112331482 6.595384725989401 -1
5.300826165866286 8.50384004288475 -1
14.067819589062655 5.7304526161455165 -1
4.641669904086867 9.6725631438328 -1
4.272485903735291 13.604176769447921 -1
11.4722934395379 12.131924038834331 -1
15.613442451772885 13.148932679214806 -1
12.059650330274923 4.106083550137425 -1
9.678789023187303 14.927503543338712 -1
8.807504594586906 14.706656822808924 -1
10.503683867531603 3.1957701268861927 -1
11.996055829935772 9.792476316242197 -1
3.6199367539601313 11.47621043399727 -1
15.358898649013517 9.786776861963663 -1
12.0149141377901 12.611970569228852 -1
9.726814177854342 9.964121518723669 -1
8.543287863296637 13.573817497086004 -1
12.76618572871632 8.191904463070255 -1
12.22660507937628 14.364871349012363 -1
7.638826810282726 8.380044161414608 -1
6.045446147667752 4.9395252226602775 -1
15.540686497719609 9.548878356324163 -1
7.756194765217956 10.882367563595174 -1
9.94898838341828 10.450818165454939 -1
10.472354208376709 15.077351802447973 -1
16.575590749175294 10.010432442093414 -1
11.645909288671593 15.39608978967323 -1
11.75502808847833 11.833698625633362 -1
5.577744681549845 8.109311758735107 -1
16.410027202995323 11.209265799790614 -1
9.063992650406146 10.57073450487131 -1
4.724799736019774 9.699913767200796 -1
15.534676175955187 12.123535825376884 -1
5.605562706227225 10.748021516410402 -1
14.480194846761364 9.703194261804313 -1
5.351321304465209 7.76124538086737 -1
14.200390624785895 11.9212609917572 -1
11.753543924896345 8.157342667326425 -1
5.27809927953273 9.07038219671939 -1
11.472939202700863 14.956674034705664 -1
8.904515785250098 3.155758862818816 -1
10.745033512453617 13.629970736818954 -1
14.670345285914912 10.553267499224589 -1
10.1192176632704 15.90364348597574 -1
13.113071783149984 7.034121222233052 -1
14.004284515611886 11.501651860252565 -1
6.143327825809399 9.089983615745938 -1
7.650542584272371 12.602996088946092 -1
4.4946097317717815 11.205777998889788 -1
15.698672432891732 6.741088215232103 -1
13.978279618758016 11.038386769234913 -1
11.512919144005853 11.478627334098007 -1
4.021266497764735 8.695743412251842 -1
14.14769216358655 13.370806343877263 -1
7.988114560165924 11.610705854332773 -1
9.376173888914991 9.651928087170296 -1
6.62114035891965 3.897721121283546 -1
10.665478783005875 11.101236482827124 -1
6.945646870574754 6.590484349052779 -1
16.195303499995223 7.334029235437183 -1
13.36497446751672 8.691084751519254 -1
10.703671661380143 12.569639984777305 -1
7.401380635866818 10.978215119653779 -1
11.452586954902689 3.5531671283061206 -1
7.754206050433474 14.899716272838939 -1
10.05013373674609 15.184958501357341 -1
10.491449270034906 10.429092109135183 -1
9.049611485637008 12.406617413322431 -1
15.840900328911067 6.792550680585043 -1
12.279660670546983 8.414449316330279 -1
7.061145977613736 12.979000942600754 -1
11.937609318814868 15.883331861404493 -1
12.216559203667465 6.119332401868931 -1
6.922035295455697 12.284029282399036 -1
12.911768169647909 12.845197078064878 -1
16.87686042238058 11.279305896497547 -1
11.76574877899522 5.191725532967295 -1
12.88182258826705 13.239285018460622 -1
9.364516876679579 15.808404845904509 -1
6.02686996029326 10.390086632269572 -1
8.307151194905423 12.814133632491988 -1
3.306166809620379 9.722236255914723 -1
9.775294714241959 16.29927102764868 -1
13.833071953837086 12.16979308581247 -1
8.926230136473324 3.8950910402505423 -1
15.159540358670732 8.817089693796143 -1
9.109899790601336 16.57796949066254 -1
11.366576497006651 11.91575352320272 -1
3.5817703250468735 8.334904230347425 -1
10.693335216715198 14.545163646225587 -1
8.110711908323516 5.128671058977899 -1
13.059235051297586 5.147178751017578 -1
8.253609551017425 11.579817507339442 -1
13.578808845546636 6.341468891107855 -1
5.146422979102816 9.740205373923205 -1
5.250493398874361 14.451345647430152 -1
10.684132226135873 8.625242762528593 -1
11.146826313182137 16.02570817516481 -1
11.542439287879747 10.308178833894619 -1
12.075443853985245 14.298525199158513 -1
4.503074140141223 13.618781474235085 -1
10.912385501938346 10.398339893168034 -1
9.86197853453471 13.09729255937702 -1
8.773656067416532 11.00048841603755 -1
13.506859522458257 10.498456679996282 -1
13.864962888501463 12.151857595139052 -1
9.364920593050936 14.317691386771275 -1
9.035779624572214 3.8074243861812995 -1
6.309993328300294 12.513877600744546 -1
9.028832139065752 9.897456180616238 -1
8.203105678535136 10.01761040581411 -1
3.412713458031842 11.35688897026639 -1
4.650453452777022 5.557560517609148 -1
6.037432058890944 9.773727862569094 -1
5.235079542799255 12.584151405606816 -1
12.221838645741578 10.146815877892507 -1
15.732117604055718 11.148642699171758 -1
9.325351120060896 3.6847176756870947 -1
10.123642209258648 7.504795098600545 -1
9.408304607702135 13.435134590267378 -1
12.471987790410372 15.483288651839064 -1
8.743626960190326 15.345473415096453 -1
10.054753439043855 14.583821279246754 -1
3.71385201571488 10.711576958771026 -1
9.626575792218969 6.844996895400217 -1
8.231280537006597 10.324315377754862 -1
8.059684557205248 11.56775107566798 -1
12.265688327239598 14.657982860506444 -1
8.144143392127422 4.607755694888807 -1
9.217727219636513 8.172914066404912 -1
15.25447208894655 8.254184585513013 -1
13.177742162891947 9.452717089367777 -1
10.190393598874689 7.924505896539317 -1
14.808717556795429 11.812255061018426 -1
15.722466911167299 8.859979979244073 -1
14.692936339437171 10.370470539232068 -1
12.822845499518735 6.457139172450255 -1
13.3052128842662 4.045614121868075 -1
13.293407665094584 14.42094025620015 -1
15.38002986896352 14.373902932320565 -1
8.769387779053988 12.328585053922282 -1
13.907416131823958 14.391660259173884 -1
7.161483762007057 5.3816821133301 -1
13.890330426832769 6.206397935123523 -1
11.378675447354649 14.108609550837405 -1
6.407786180336368 12.621638947458315 -1
5.777897362447706 11.425914262149341 -1
11.44233437058443 6.939249240776322 -1
6.404119785284155 11.581091519787774 -1
9.933835735439684 15.155981701473547 -1
10.929997561837453 12.884575091539357 -1
14.268928084834513 12.809366197810142 -1
9.608491634680869 5.84349179658417 -1
8.480715257482048 11.396305433440785 -1
12.735773581869363 7.736171060374422 -1
8.502160404438905 3.5554920614883567 -1
10.740094616221779 13.320937380351056 -1
10.763643279775062 4.295480865101753 -1
9.346024412524095 10.706739322742994 -1
9.457968284937095 10.982031224138275 -1
14.626713515463457 12.208882611600881 -1
9.825323308749416 10.811061952626428 -1
8.185404370693645 8.357248156548033 -1
4.281083777330497 10.312245837963406 -1
5.3156607444252435 7.576615465370926 -1
13.32298611522604 12.296655805683379 -1
8.934359608763309 15.58207281390688 -1
15.785439625428745 8.24159344421647 -1
14.286243050728718 14.746404053000276 -1
10.944176565920197 15.88856797577478 -1
12.79892934016649 5.380623069573593 -1
13.034148602938467 11.687339534484797 -1
12.159638009564908 11.501752283824372 -1
10.982424746159067 4.592102912157976 -1
15.779836947876378 11.054472023837167 -1
6.103568717640613 4.932403375660983 -1
14.409159525442925 10.173017400653597 -1
6.374136389586578 13.03153530964453 -1
5.955366841755902 13.958645064821537 -1
9.91811076496202 10.41553754617366 -1
8.849502626045485 7.900702794705219 -1
8.32669738193607 3.651069046869446 -1
8.868121009912564 5.193758276519147 -1
13.781875707552553 12.050144646985142 -1
10.809181990717923 13.211188682432502 -1
7.082577731802131 13.437599441698694 -1
6.058110107432853 14.90615418008356 -1
7.3094698498384165 7.506573927335181 -1
6.335235502877836 14.740157532964002 -1
12.79323071536715 9.240467120108672 -1
11.156663071273345 13.628383257916333 -1
14.283194141280426 9.320181343213662 -1
5.80732169502898 8.825090156240593 -1
6.83067908462961 12.610062237122099 -1
12.23781626476658 10.374699124693457 -1
14.061988140086108 8.691535678605334 -1
10.056191533132026 8.871579714627163 -1
5.69130931662148 10.397546804130313 -1
10.91993137209595 14.156543040958551 -1
7.156232768373519 13.028033634500158 -1
12.697175501827925 5.114925205890952 -1
7.912875622669116 4.9994361475477085 -1
5.080042876251298 10.149003847556141 -1
6.563202029617921 8.658812171842069 -1
12.432902217751455 15.250735983354017 -1
10.31991415867299 9.262787795506979 -1
14.452492316461814 5.772829863916964 -1
4.513292928394272 7.369349246643358 -1
4.767640610407337 7.45985632488579 -1
12.769309909160846 15.464557647572803 -1
12.150097276421764 6.873834218741159 -1
11.63590583170813 8.523387468096825 -1
13.919644164032833 12.775770176495321 -1
6.712784993105463 8.403511857435461 -1
9.384097928565193 11.488277781261164 -1
11.364442178706247 14.484969978342601 -1
10.147920102770275 6.846305218920971 -1
11.600492503191177 4.487055639944099 -1
10.152794335490519 10.588423290391273 -1
4.281419303748817 13.395604182872667 -1
14.736310161160297 11.200860027939562 -1
16.599667968352843 8.261001733029968 -1
6.915211943160394 8.645429619334088 -1
6.313143171070539 12.692859887968082 -1
9.814202135586774 4.845140689744225 -1
10.721055378604671 3.6389455145751604 -1
13.441622338235042 5.956258280315733 -1
7.8806252902947715 5.631242026861118 -1
11.154349992340881 14.88328561738088 -1
12.709452181916054 7.053522257827634 -1
12.610889589919228 6.1707851225086525 -1
4.425721296012144 5.899660205474893 -1
8.182334665935208 6.194050898033252 -1
16.139903422464034 8.575436171992255 -1
4.593383339666128 10.854481982630283 -1
5.044730045620143 11.098958221216154 -1
10.586054764825167 5.976935647486488 -1
10.075221707956448 9.252431810850371 -1
10.483400914724822 3.3487831721327166 -1
14.443013187741325 7.336391561035363 -1
4.234727971520047 6.972981688064026 -1
13.88881578264266 11.331328655442842 -1
14.730557226726518 5.44991910474776 -1
16.16397617772008 11.395751446318512 -1
15.691942540529311 8.772186080456272 -1
4.718986800600485 10.117761498226177 -1
11.409529191916226 6.230543953608974 -1
5.378176569733178 12.247012601616888 -1
12.735046679480854 5.041337985390324 -1
16.475378388598084 7.950943163330592 -1
11.196880857628006 7.879585302420136 -1
9.894338604172791 7.668079541178525 -1
14.736790691701138 6.395207627525634 -1
11.154700984110331 8.578062706477086 -1
13.705663591535888 13.549609226718202 -1
12.36376869592878 5.697589033212971 -1
14.53818099936819 12.579663818730156 -1
12.037968696425459 12.469992335798239 -1
10.077532578614395 7.9991860249567015 -1
16.262568625341256 10.567797982290323 -1
5.951824863799078 8.094129334873214 -1
7.869330288127481 12.787628413688122 -1
9.939895392529014 12.267137293475265 -1
7.129058581080383 9.89471258738021 -1
10.363995829998105 9.854944677392542 -1
11.368269998139107 3.1627415796901848 -1
6.196158785916072 11.666374708647712 -1
6.675659457938954 7.226555917819231 -1
11.406456143316579 12.38453077868736 -1
10.557696746534312 9.029448152070575 -1
6.9981365931919655 11.506501788911683 -1
13.108406632726545 10.343376017644113 -1
10.871149536259399 4.99026232976175 -1
8.758591756419916 7.740795757652621 -1
11.29308161261049 8.437678553704393 -1
8.42672160705911 6.084400685891602 -1
15.88538802662609 8.694410364787508 -1
10.007476189625642 4.44138373682285 -1
10.098050271614616 3.018987811303242 -1
12.440650632307422 8.647290923511292 -1
9.488253109306395 11.871231633606929 -1
9.356805728590118 3.1845792797657357 -1
13.827994121701837 9.11254817426 -1
3.5717266194113817 11.887560018371433 -1
5.462128290724458 9.14755324204455 -1
14.457247449088062 13.568867085760527 -1
12.419561373169927 13.298340758867514 -1
8.820164160212201 9.0618476018684 -1
9.908952208701153 13.781922453360975 -1
16.293631659312673 10.153688340195933 -1
7.850781335729772 15.670518290263367 -1
11.023976324087371 3.950818867946546 -1
4.033239142405163 10.497647957640883 -1
10.47983348302322 8.391801588663043 -1
5.895093457544734 9.591660500758788 -1
4.939953614612258 9.75567732899923 -1
9.22814168949484 16.383254341961816 -1
14.757415487027775 8.619829027044823 -1
4.7049054028527575 6.222443501281263 -1
14.332056424819609 14.305776157593233 -1
7.561656737847821 6.11994833399645 -1
9.961517139093434 16.838876238459413 -1
12.269681075502042 14.23231954454861 -1
9.013041467102859 5.916524543287711 -1
13.780210583487504 11.878277132118862 -1
4.623892882052663 9.320793443005968 -1
7.257378084998396 16.125864643512934 -1
5.4095449179587 5.322144540513667 -1
11.167865915305521 10.379751806235117 -1
14.094146071082962 15.490790916945578 -1
10.312067118165906 14.482565207239995 -1
9.900345497654207 7.577380916050737 -1
11.671376710412332 3.297138047030337 -1
8.325154799709304 8.60086997045996 -1
13.12754948908884 15.247269785260587 -1
6.691499883737162 4.364736510266159 -1
4.555599796932535 8.560117306096796 -1
13.770038917762085 13.086048092580313 -1
13.11048774049711 13.15156396493906 -1
3.8005267988685487 12.788466259098756 -1
15.049996058454155 8.328069892508843 -1
11.176652473681628 4.065126754757569 -1
7.050838441133315 13.862299560072115 -1
12.836018718645217 14.270051239239814 -1
14.778164629654269 11.358169117335073 -1
4.938331029766729 9.639885236810311 -1
11.131438471772036 7.441292812371367 -1
10.664641348189885 13.461104665934705 -1
13.70376330062715 15.77855007620734 -1
7.108943145499698 15.92409072041919 -1
5.5225473183110925 8.509866888373022 -1
14.319868801437813 15.424045085281799 -1
11.953712382275798 14.147755068687049 -1
8.89337303835748 4.863084475839519 -1
15.469708703268237 9.775100071839136 -1
5.628790197178057 14.188625215245755 -1
6.9017083581927 6.783344709987034 -1
5.829813136067243 6.292968588249082 -1
11.169528490293084 10.689061016126928 -1
12.110176733181568 10.872955432003948 -1
10.2402134390777 12.546743432642373 -1
16.956548884649777 9.907315525383144 -1
8.361211870030543 14.649929266702708 -1
12.156018918494464 10.222625757522263 -1
14.308316969779668 4.598528200357784 -1
15.650660427785635 8.443189043544127 -1
11.500752412348954 9.74614500213449 -1
14.793157510821544 8.675827101352168 -1
12.901393697108368 6.059034786923685 -1
12.420994706694415 7.123086130696439 -1
9.258729651667917 15.568173193593243 -1
4.5691293696502955 10.177209831693187 -1
9.669207592903884 5.615160919414681 -1
11.497920037096211 3.9872922352697993 -1
13.539338960731426 13.324496117065594 -1
10.310443727099297 9.893310302964482 -1
9.051888705024744 10.58617818847338 -1
13.322623855131843 12.651070096988622 -1
8.981232276655556 4.9140228239265005 -1
15.817117921275019 11.838998351795667 -1
12.334640358165485 7.082385188107738 -1
12.042303177782518 12.107027313533084 -1
4.32825003992159 6.699854836702377 -1
8.184863019645267 4.280119356575447 -1
11.486780220046715 15.948971054557958 -1
7.938931690492986 5.986252433904953 -1
12.073310459906264 12.248811636426705 -1
4.823482654053031 7.348250619439465 -1
14.62218979644613 6.359757245005895 -1
5.469030557533124 10.100306989833484 -1
11.026410323342532 5.358554986322686 -1
16.879800768392986 9.704147490306706 -1
4.88769968081739 6.391394067704638 -1
15.030776182619237 13.79335211660358 -1
13.202088309071877 12.39389340855852 -1
7.995985598329447 5.240943492247858 -1
6.350261067159497 11.801590476948293 -1
12.197756071898826 7.360063246447925 -1
7.164347358437766 7.517011093258681 -1
14.394086266076147 4.989792157163617 -1
4.609288092363015 10.47586720918943 -1
5.5003392498365455 9.362555589290825 -1
9.894446669148483 15.11905354121457 -1
9.13069903633113 13.33560082474229 -1
11.821388646812176 10.255985870156595 -1
12.571723604542477 10.35860539870136 -1
9.157609036850697 5.00457442470675 -1
7.476903413637405 7.916217621958577 -1
3.5744300571508814 12.24675247980461 -1
8.878763385913718 7.486506026234814 -1
14.661130389949635 14.92847417736014 -1
9.701566795871218 12.815408876517257 -1
9.132908355517767 5.896395444829814 -1
9.876641147186225 14.126653950135136 -1
12.99043705955065 5.408160778638318 -1
13.186607338949798 10.549320164163545 -1
10.602636890449261 13.63037506452384 -1
6.320253466620538 4.568636917292574 -1
14.858904131994128 13.959799841624886 -1
4.8164600161305255 7.546187298025851 -1
12.981344942787509 8.755491233847359 -1
5.378937028910158 14.896880374503025 -1
8.551904573433099 15.828385885017493 -1
4.179131774049674 13.718947846317768 -1
7.1155424920784505 8.304295833807078 -1
4.043208199957348 8.829054880025286 -1
12.898547720689944 11.127999732226186 -1
13.12772680646551 7.532941994367556 -1
7.8656632761317224 8.099769833161384 -1
12.855805668358016 6.963199704524778 -1
5.699516396480906 14.01426474611801 -1
11.84927768174552 10.662175196270185 -1
7.459141963224862 15.469385577964621 -1
10.484545745070431 8.771096210281904 -1
4.017419747194326 7.108121146029454 -1
4.7326911474547355 7.943634551594436 -1
9.89965865101151 10.006868258314475 -1
10.462696316337105 10.968106005632752 -1
12.186006924485788 11.984625779948146 -1
15.070672316955473 11.579412575978711 -1
10.160019961894243 11.230692633491584 -1
12.072571350961052 5.196753850140022 -1
12.003226708262819 5.952406568662547 -1
6.202031088657014 14.64458430341385 -1
5.117990308200282 5.770337011423125 -1
15.927568570324109 8.721227837794531 -1
14.891564721471184 7.056113464147451 -1
4.795961382753092 8.843842453600562 -1
9.032354074714357 13.701487451482352 -1
16.015846769855816 10.58631279418946 -1
11.462847177583908 10.80268233282186 -1
10.203722705692941 13.545038087526573 -1
9.197688483255245 16.155048822374216 -1
11.445803634320217 12.766501825411812 -1
10.447789661106473 5.970072340798138 -1
6.578846048792837 12.142312964723354 -1
7.696054264704479 15.360129998063643 -1
4.159096741820676 11.518071702158483 -1
5.343345042217116 15.16582441323144 -1
14.52981375947872 12.867819666925463 -1
7.824684592215734 9.862651377166074 -1
7.0992746096292425 14.197811031288214 -1
11.480719979926072 13.442311602324041 -1
11.609199591051393 14.253362739394888 -1
9.823921257432183 7.006944561241301 -1
16.14310027989002 13.270821450059902 -1
14.630671657906397 10.855701965777623 -1
10.336208732216964 12.158373680266267 -1
8.813192780957808 5.570774309084197 -1
9.484635255940121 5.258295459166716 -1
8.658470196321492 14.715949643263883 -1
8.501518123871676 8.940201428178998 -1
14.47694950583096 7.1121690229914964 -1
13.869914971058053 10.524520993160625 -1
10.079533320302858 3.0814315496573097 -1
12.253033964657003 8.139638309366369 -1
15.397112566933565 8.794541754575976 -1
7.792177483772775 12.816150750477998 -1
11.428455868686317 16.77614764962793 -1
14.082700721453982 9.626027411429297 -1
10.53472364196513 11.30933984238787 -1
12.170115756968048 13.894149091510515 -1
13.985400656062485 8.405304146743465 -1
12.030785650058334 9.385632062701974 -1
5.8769467698906785 7.629014065994058 -1
8.63100868884022 8.115443237041138 -1
11.908669233669041 13.426050972615677 -1
11.359358240850227 14.27409665362976 -1
8.791451061405391 8.080402429485751 -1
5.92829751983718 10.365818962665628 -1
13.785690436202245 7.703060732982873 -1
4.545463125731077 7.845892033393451 -1
7.743641595304029 13.32740457270173 -1
7.962008862057878 3.353656296100822 -1
12.503855842329255 10.53743983522189 -1
10.7843112211361 10.203527273781654 -1
6.0927781957768605 5.134728809744951 -1
4.213618781231958 9.64903436295109 -1
7.562096340199085 13.992698734318438 -1
14.504949157413607 6.018074022222142 -1
4.005039823544965 9.2755577656426 -1
16.772126383647507 9.131451305979187 -1
15.466502977507691 11.48849105845127 -1
9.655748892727889 7.294411427184421 -1
3.9769644014270544 11.692992779918054 -1
7.406522162345324 10.842995474889507 -1
4.107691456885487 8.037693669866915 -1
8.920612358860431 10.190034147497668 -1
4.870262532566381 12.139987336914746 -1
8.686067078393851 7.8104598614886855 -1
8.690864400328543 15.529602610471807 -1
11.903504668785994 5.213078562376445 -1
4.148063938106543 13.719486302237273 -1
9.543153975662243 13.932499276153145 -1
8.573786256635428 14.33353415818095 -1
12.57526768036513 4.702847178247134 -1
10.968849112814361 9.126951780304484 -1
14.933563891128607 10.484674371359038 -1
9.22617491537756 14.544861672833434 -1
11.40317100849111 9.416233690444034 -1
9.361784893970775 10.724447394001444 -1
12.54362614041646 8.398462968009943 -1
7.985423213769478 12.490743356408124 -1
12.192872574140164 5.634195737079494 -1
3.2720629182118266 11.435343977289666 -1
13.135266334467293 8.774514043003592 -1
9.275736041589218 6.292332401865859 -1
5.892123468551869 15.0597485576437 -1
3.999886418607679 6.996089850755722 -1
16.334495782131672 8.515579067949261 -1
16.879799235591403 10.389510187605227 -1
13.791899512155252 4.601910762435675 -1
4.886644310912212 13.246679069714201 -1
9.868265369481934 7.916305789660392 -1
9.449348440924755 11.881066433113649 -1
7.062945044968241 4.0663214470804565 -1
5.249199330900911 8.305695443890222 -1
10.31468634273454 6.8351788455743545 -1
7.954310743329023 11.381903264687631 -1
7.54633852016952 13.32948298686777 -1
5.588301647756215 6.879765092058621 -1
5.588351968273884 11.00723342071801 -1
8.46744235665497 14.151470284638654 -1
9.409928631072939 16.40381427464345 -1
5.513596663198452 8.029950617288641 -1
3.8374367390902964 6.754587612221242 -1
16.34205726976442 8.381531362870971 -1
11.750654505077812 4.895148185076399 -1
7.950633044521995 6.755338330808214 -1
12.468424814002596 3.5532710774611886 -1
11.796094812411065 15.277436028599142 -1
12.921354310758158 10.170138919729029 -1
15.366436088665775 7.350905046827661 -1
12.268577362580332 6.9740700348266715 -1
16.205033068457347 8.608834330422289 -1
7.786917793879475 10.424985895217752 -1
12.73064667596508 8.448008040858856 -1
15.902055543695994 7.313481265275545 -1
14.957032565266777 12.28284085314881 -1
7.312456398523657 8.988609878886596 -1
12.575587860907827 5.73753124284214 -1
13.838879770791209 10.955594377177906 -1
15.154123705462467 7.09337749206915 -1
5.470734816312984 13.29179869164311 -1
14.10671925886842 5.025633194639527 -1
11.633772609736067 11.680690384658332 -1
11.816118302359772 13.498466820697399 -1
5.977085850528283 12.622778041399044 -1
11.367485637001558 6.256031553847771 -1
12.351006219886031 7.934133778663401 -1
8.947015366152854 16.52196136774138 -1
15.074465214681867 5.737062781859081 -1
3.0507132993369357 9.869069785979692 -1
14.341980822797911 8.149832164498216 -1
3.1758520785644273 10.111543898992455 -1
8.902462712007024 3.3315572733834586 -1
9.276320225963396 12.768260764192155 -1
11.542502804336433 8.341373386124998 -1
6.116545833644951 10.741528180608263 -1
7.199334595954618 15.262353698972142 -1
9.580994586346762 6.164303473546385 -1
13.687182625343715 4.829621675629721 -1
4.0610762189141525 11.365486455193652 -1
11.003546356292965 16.325698280830323 -1
9.763183347427702 5.9942603121123845 -1
9.012420885753853 15.526472815101833 -1
3.7631103931247 12.125105569926726 -1
9.690934975188343 5.618735958763272 -1
7.417802231535983 11.352076202966188 -1
5.3171023528009425 7.810912385050292 -1
14.723799476106436 5.442513812012731 -1
6.942542882312823 12.937360267096157 -1
15.955198869712481 9.691012441359234 -1
13.339148311406985 14.464362278423792 -1
3.3514867601751974 10.641011333450193 -1
4.2409901536265675 7.9299391119193725 -1
11.091953372650643 7.5347433874293035 -1
4.136224863427422 10.578435851705713 -1
8.131453252335167 6.890870330824095 -1
16.122653695240725 6.8848771006987235 -1
9.136470473210883 10.35020846692625 -1
14.267775978897886 13.926430417242614 -1
13.019105457169868 15.372644829291646 -1
5.912930292520626 11.640207106818396 -1
9.322308941213972 5.119713640856021 -1
5.991411902368176 12.490660463058017 -1
4.484093592220497 13.4106041308589 -1
14.75046174664778 10.719404576455648 -1
13.562061804256961 4.876324284136906 -1
3.6248206289287466 8.149986478222235 -1
4.613686641821724 7.482358491526824 -1
5.157932362536974 11.421891829661297 -1
6.854356802071651 15.431577405473583 -1
15.015175852651698 8.79721559655916 -1
12.16834064892278 15.51551877725953 -1
10.594343584498766 11.511639188525875 -1
10.33794118334914 4.427638697774563 -1
14.918362521243136 7.852139654220007 -1
6.5699251684328726 4.634307441505716 -1
12.717579952291887 9.134129367966835 -1
10.536675841926442 11.495138168805694 -1
15.401725155944764 8.893207975879626 -1
11.82846490764951 7.732560470673162 -1
8.538028163940243 5.790686053530054 -1
13.477237553443778 4.648095985658687 -1
12.173046389604497 9.923045304919553 -1
8.75692249858709 5.261820653027076 -1
12.37260603857778 13.897428761010179 -1
16.134401345257928 10.0050124854055 -1
9.502399151961802 4.1150049306449805 -1
7.753054515986912 10.706946678630116 -1
9.603896175154993 6.305145686104863 -1
7.481888962510612 16.11599338274872 -1
14.498770675460795 14.20825219418407 -1
12.370501981653137 9.843589722279235 -1
12.156954077481842 8.983631548724988 -1
9.28400148388299 5.867365420726576 -1
11.76671525188096 10.369322884614732 -1
4.844758566967333 7.83583823831605 -1
6.180005006603881 11.037399762224387 -1
9.920116596596678 15.081903579925626 -1
4.656426458837792 10.40201774454577 -1
3.314148644353061 10.89523717891435 -1
8.819687804335476 7.8813028897873005 -1
3.2135977512604463 10.504458131400769 -1
11.247537023447553 6.690228307024286 -1
13.421488425680266 4.476445495551664 -1
16.376348089611565 10.535209333219552 -1
14.72587028262728 8.775519247047065 -1
13.738425391764736 7.21975558214641 -1
13.04791354009258 5.935968264657454 -1
10.748474079091935 16.492040142066667 -1
5.667440367392469 4.947728450165128 -1
5.976251694028914 13.326604501637082 -1
15.231219456710622 13.725753343535994 -1
9.573590202887248 15.544711304865228 -1
11.223074551658511 10.587166163380816 -1
8.367550432839126 13.591765620466969 -1
3.454768280596523 8.11642040236714 -1
6.477165976104371 11.029983355439498 -1
11.915164709447946 12.859670518137982 -1
8.416911325448025 9.825380090003627 -1
5.121480664652531 8.497806277304429 -1
12.676161644664887 13.429455323396208 -1
7.314649365473558 13.10618187749294 -1
14.398683088553803 6.17151154841217 -1
8.285452699273957 15.312066114625031 -1
16.67122070859212 11.834332508019676 -1
8.877358567909306 15.005371447618991 -1
11.673147088367912 5.896830108943478 -1
4.605469280867154 12.878726213682114 -1
6.569524766866017 12.262683356776122 -1
8.781604596450553 12.57353433360988 -1
4.830839616746894 9.076712944143996 -1
8.798816013329727 3.8406961316101262 -1
6.9724926641642 10.421719819923167 -1
14.738916447308942 10.847893149050122 -1
11.596969145664826 16.210751652710616 -1
13.254413784134139 14.200749425668604 -1
12.26074909528926 16.311617078186366 -1
8.93067224594656 10.909785729468723 -1
11.66691884094156 14.938412230691174 -1
16.517016441872094 12.019757956042278 -1
7.0262723360540935 5.689924899410938 -1
15.728743768849366 8.240448805045556 -1
8.27786037652106 15.73038565234418 -1
9.72496695214809 11.335720739985167 -1
10.080451846069483 11.960050968982872 -1
15.446739981541143 13.408198652613322 -1
16.21745855702344 8.660370748363492 -1
15.696494474454475 8.289361454065654 -1
7.621429421205779 13.134317537052578 -1
13.056656460617216 10.579873164722702 -1
7.3904728209393795 4.139805476262179 -1
9.598781275362832 5.963978358047706 -1
12.256220488460304 8.42146799804038 -1
12.834374174402631 7.907013830660004 -1
12.433109222710986 5.3222217831614245 -1
3.4304381643372617 11.814082848882236 -1
13.801355968099994 9.697055966951247 -1
6.691064505147022 10.620988785306569 -1
5.820069139204705 6.983953778292619 -1
10.241443705458245 9.245981029914256 -1
10.679344610444115 9.77472399725482 -1
11.04702396546285 13.8546981791408 -1
16.032641091066566 7.804681239345895 -1
9.716387339896254 3.0580000838901933 -1
3.723837927584339 9.996691923620098 -1
9.974302882717874 15.283482156665942 -1
12.858222698192455 14.683878862339482 -1
13.282920508807884 6.728391118883366 -1
8.68792768794945 6.499912121068703 -1
14.985341129466523 7.972302385875462 -1
14.684106884474888 5.904114816129029 -1
10.544540321382227 9.548662491340458 -1
9.01665160957952 10.353306512347702 -1
5.199527104383561 10.855570493144501 -1
9.719224512894439 10.598936543016286 -1
3.6061749418380584 8.111833950558719 -1
10.717008514362156 14.077643698486934 -1
6.910272747899455 13.558491808793544 -1
9.684185039027986 14.732912402304557 -1
6.464354832706483 13.695823003618186 -1
11.851508906455685 4.393074959588459 -1
15.750923642941183 10.518791440457987 -1
11.608082785652009 9.17257865210933 -1
8.392556446829506 5.020932789788062 -1
4.120995746386839 13.129892221746463 -1
11.648557026231439 15.99677711187107 -1
5.241885311894173 10.156880866595293 -1
11.44666197314032 4.75294894944745 -1
15.431417306429921 11.292172314677664 -1
7.310895996123388 7.951012510536901 -1
7.766907839277399 4.248003234936086 -1
13.678668940355063 14.554661446334709 -1
6.525160844403364 15.263765985154308 -1
12.990475073922719 12.781530264804035 -1
16.63789551596684 7.788626640804632 -1
6.8992657969439914 14.699945750546053 -1
6.222066121252132 15.341916641138786 -1
12.884317946533576 10.418384532059338 -1
9.922454986925054 9.843364862775456 -1
10.269852115176656 10.978105002651578 -1
6.063330044644363 15.588172798704878 -1
7.190484547575904 8.48110188089483 -1
5.684330440631276 9.241104764017887 -1
9.761906924849331 10.712835744130958 -1
3.5567350397982267 10.700936599869262 -1
12.377902625409483 3.4505526414715937 -1
9.993421867029177 5.979566426561378 -1
7.172164728394814 9.644329931346785 -1
12.079504425237618 7.320989319862874 -1
12.650408287911475 8.875362545618358 -1
11.795959138954581 6.84493593533259 -1
10.271424636693 15.562052246288943 -1
5.268660168428094 13.404225022532803 -1
6.728409116935117 4.0885961351082 -1
9.756022717144328 9.98491014507372 -1
7.505082908157621 5.735796961939266 -1
13.28442947728103 8.951292367043461 -1
13.658235751152194 10.331341082133164 -1
9.94008628759693 6.672937166766529 -1
14.486968058945486 8.245792137585 -1
12.256429200989539 8.00624337028469 -1
12.277256186803596 14.282009470833817 -1
16.014764247643562 12.968729096304807 -1
7.3398035579909156 7.924139279010802 -1
14.25881297262643 13.473361326811519 -1
11.644190960692058 4.4165415889572675 -1
7.31265462692887 5.892053703895104 -1
8.224266824828025 11.76067358914273 -1
15.679269736628466 12.5609508103988 -1
14.081776701392897 11.188866823864632 -1
16.1758144846577 10.978914333755828 -1
14.891237116508801 13.459517855069649 -1
11.517698627902007 4.001359810018197 -1
13.111304755967412 15.395261674664768 -1
4.866909331467735 11.929700672315388 -1
4.7211672038362895 7.171223820565908 -1
7.028243327586607 4.902075384928109 -1
15.178670975679054 13.074875546309531 -1
6.203775112039573 14.119769062606908 -1
9.505754501274028 11.686225235943224 -1
10.277717097507995 7.005660031960035 -1
5.398931955213813 9.574986042879319 -1
7.369580165680993 6.085030468894679 -1
10.895287759935195 4.77598581094181 -1
10.192786722066796 7.0161798007225595 -1
13.094734719843306 7.174179041913864 -1
15.094240936058656 5.704818585564584 -1
4.084691945686334 12.925241325764121 -1
5.623281068825414 14.373851618016829 -1
5.93738511054026 4.84534291289517 -1
8.305576436040782 9.746533351191275 -1
4.9976275728037 12.515861378486104 -1
15.717916689865044 6.524146472392505 -1
10.103420355956189 9.197357409408864 -1
5.061038151492068 8.580246641244054 -1
13.909966333216044 7.0524026375712605 -1
12.192659937778242 6.511858828549899 -1
5.694690659275333 12.030798299567493 -1
13.275421775385912 13.200107415993767 -1
9.603504507038725 3.66373391409909 -1
7.157581337182406 5.35241755872171 -1
9.988894695921237 15.657805144267183 -1
6.898823070236735 13.985864561652964 -1
13.891480175861217 9.715362009471225 -1
3.6126170059625573 12.635115373345325 -1
15.553085136171044 7.412395459303676 -1
5.955322571310351 6.55123651089998 -1
12.329146057985163 11.192439307742239 -1
15.639042386050265 7.052719623666286 -1
14.875673308420192 7.389198557300807 -1
6.123492658808793 6.802740627866328 -1
6.744930232827546 7.643310862903672 -1
6.496826423776434 12.012042496429816 -1
13.083859532377431 15.179665975962848 -1
13.290217788085961 15.054555574415772 -1
12.023056659871203 5.006592365022895 -1
7.46351048595124 5.484629301906898 -1
5.218563855004524 11.194986222546522 -1
5.296317198910296 13.227851604195159 -1
9.354239989228379 3.8593630945940616 -1
10.21451720111443 16.677246812106144 -1
4.272601048437581 13.127763406744375 -1
8.455575497037398 14.88001638457928 -1
12.511234292951043 3.5090160646592894 -1
8.646732105924318 16.789549120507637 -1
11.859663696285942 5.352778177961777 -1
13.46694215441288 3.969093431373567 -1
12.244202701063639 13.16211916864465 -1
7.3193406639048275 12.55080856673921 -1
4.390234970710849 13.934718343034419 -1
9.856237026647118 16.46755432501454 -1
10.695171580735387 5.446515288505649 -1
5.988629866513564 9.141258857621876 -1
4.214509076174188 11.200305682484588 -1
10.177401785041504 9.608905831886052 -1
13.687182259594232 11.645961181814036 -1
6.219333372185996 9.930966894646577 -1
4.07675961955579 4.982141403025513 1
6.3389549326915295 19.625060729856287 1
18.29909462323068 19.797411653113144 1
2.830582451289243 2.448081723924276 1
16.044101398514258 6.357770210845151 1
0.3955525007606919 4.794269004319318 1
2.9284834545565164 19.73758760533896 1
11.033814649325691 18.247205528175773 1
0.5027970600735121 15.649949032088104 1
2.665388193772249 15.663701716396446 1
19.61439200745344 13.52204968764757 1
11.9915605828675 2.523690656318607 1
8.380916946790824 19.418178709897788 1
7.851652282092775 3.0342194362787844 1
0.4257089222423205 8.375772354573904 1
14.177597303212753 18.745363122928925 1
17.12524117676247 1.7673420703936005 1
16.326832052278906 5.8751684222338625 1
1.2675126491810573 19.458413531371068 1
0.489289027709392 9.610074178711855 1
7.15671050092078 1.8718793717864268 1
2.6870691610397324 5.275842891301976 1
2.7068844239093015 14.228688386666255 1
18.70657436772701 1.5519925387866507 1
11.627134714416972 19.878835030044836 1
7.446525188287872 18.161613332186544 1
18.299323783956368 2.8515482383996926 1
1.6564138841328435 13.164677481346043 1
13.68583255143042 0.5029179208101953 1
5.863827012570598 0.8731933123443913 1
15.7172365558554 0.37015397003193895 1
5.7462721750216605e-2 11.158597588118813 1
13.564164923371518 2.279459944541018 1
16.945103223318206 5.57488426048701 1
7.378249358248277 2.929357135925321 1
18.795257962663044 6.48116444298415 1
19.67970981804218 6.013220889368189 1
9.983496593189598 18.843319104601207 1
2.52471637098318 0.7151300492362989 1
3.670609220800176 1.8842584993106604 1
1.7632260436249925 8.980030148203564 1
15.69884236432814 15.07216861698887 1
17.045783123278376 6.367204111488222 1
0.40025895663319266 0.30982782112244145 1
18.196684179890152 18.584607346768525 1
0.6538026221536164 4.63935591677518 1
13.609251249194983 19.85305991628307 1
6.110726540429385 1.9655279270411197 1
10.34663024702386 19.213739939344364 1
9.241154174076009 18.99855452568954 1
19.556425877854405 14.922316292882087 1
11.05765802466519 0.6045519771878483 1
2.88360448762218 2.608833072314023 1
18.518958556897164 15.691683044182946 1
7.308510851816672 2.079627750452875 1
1.842851445434297 3.953333935031569 1
9.4829435446826 19.822361218321525 1
16.16859651349695 19.500485046048446 1
19.295232129817805 13.283105644513096 1
7.412342481025491 18.230218279536782 1
0.4473069264590479 0.5946171794642408 1
1.532881349924513 19.12460430058625 1
11.32753264327813 16.960621318833333 1
7.11224918208786e-2 3.031110628496898 1
3.421645712721242 2.404788946067782 1
17.13506393273053 1.867794260110578 1
10.515001448145465 17.534505071355635 1
0.35109255233835457 3.637606502131776 1
16.965827536428396 11.506746878312573 1
6.241892966693133 19.646833211874 1
18.750172696668127 9.048670921285584e-3 1
3.6882545490632213 0.7797681570153592 1
15.174568589573141 5.256477798570134 1
0.2307409926874482 15.56085680144796 1
7.655435824260131 1.6679608011436242 1
12.129225746455432 17.677601228664543 1
2.8675494377709176 12.680343073056514 1
6.015024529644282 3.0117791366931157 1
2.3245077221939114 0.1204781771956287 1
1.5221619310686951 16.211134753795072 1
16.65916404593804 13.154345370916573 1
14.748378941311504 2.660257135043338 1
2.093211394140999 4.611268222960641 1
18.786400760675818 14.916630904704446 1
2.7349664294112808 17.307106144904832 1
10.628211973925799 19.77500091816555 1
14.800410152343627 15.116120517555686 1
1.0435753208084098 0.2314781398749055 1
9.732833656963747 19.825915950774366 1
16.416158193012585 0.3805966809087047 1
16.2568364068383 1.3950297834477765 1
17.572068213688055 2.032561523933658 1
2.431692608140097 19.225067893858455 1
3.6890040272592817 14.801153582270409 1
0.8090185595370247 1.4342774064276043 1
7.150471007049479 19.09357390881574 1
16.68417440280562 6.444901143591462 1
16.237105440697757 1.6310933541702899 1
5.692538920304411 4.095622143418445 1
4.422720318714745 5.729286320778835 1
15.16405940030528 17.786279247596518 1
0.4644662985812942 5.9693914149703975 1
12.766980833561803 19.151509327232812 1
15.310073564899922 1.3872160705221148 1
17.654441814157735 14.59322789467554 1
1.832082413481546 18.26182188896308 1
4.994872202470074 0.9626797908087426 1
1.0989004241765854 9.166628709111723 1
18.353984062001988 7.169590969256447 1
3.0104786629774094 9.374971304806053 1
2.7449848654142217 19.912632059883432 1
3.293653329792474 0.8882288667630522 1
12.237521105628232 1.9985944763497532 1
6.136645734394874 2.944849442665307 1
15.999787249060017 19.152812947713507 1
0.22284818881506574 19.036051186044826 1
16.402348260714696 13.682226088853142 1
2.5831267788860512 0.7463637797717992 1
16.266856293183242 0.8652957579425058 1
8.91488383836528 2.177188056257584 1
3.2913448492139086 6.64667262215382 1
10.703354963596253 17.865412797083767 1
0.24389128814009675 15.973187198792312 1
2.8647303183637085 11.316430261968556 1
19.314595482466068 1.288484977249289 1
19.169561733717625 8.428484979025008 1
19.97952343362917 11.41416389513749 1
16.56163095220223 2.3408926060866886 1
2.388091082650241 18.744064458265683 1
9.713548556905405 0.15375197992648637 1
1.7976514858556647 19.12807581298925 1
2.9495400378405567 19.384039133027503 1
14.914315959234298 19.636655130500927 1
17.91155829922323 1.4466349262700628e-2 1
14.646784685419885 18.019423514582137 1
2.5300236931787823 12.03732710424527 1
0.570060702354851 5.48769940239072 1
3.2544440523641027 1.7712172165472762 1
17.2900656307178 0.4208335371212901 1
18.07229094851625 14.246824248099646 1
19.566143035467533 3.953060302805955e-2 1
13.143430981171084 3.3066680229654133 1
15.224408968343395 17.026633410038826 1
10.225495721587052 19.187363520094397 1
10.701710802310444 17.882241157105135 1
16.021393618356527 13.59716934042642 1
3.4724377918016636 14.37251171132118 1
17.380833139339092 1.8703246485025637 1
2.932653829416998 18.808769959060054 1
19.847588619649137 1.5363195998581203 1
1.0053705367258203 14.316946037712055 1
18.03726516458709 7.542823971900292 1
12.409016016326904 19.740675063721906 1
4.9470319696791165 17.867412128352985 1
13.98387588975202 0.5561114773758535 1
11.804614565573244 18.776209777868416 1
2.9662814283386307 8.065462641795913 1
4.833573745685582 5.237219425534976 1
3.4397910989866065 15.826112495337167 1
0.31494311075091375 7.768708850637031 1
3.0782734758566987 14.15895466414407 1
10.028530250833708 19.220772669530763 1
5.156927084531295 19.844354070703908 1
18.796330930013777 15.086017332080345 1
12.193146249593855 1.1993176591368893 1
1.996245713849536 4.694169656484879 1
1.341078274781402 14.699029818019495 1
19.177231221307473 13.961662960884894 1
7.868828721348482 2.0865861247409123 1
2.1511232684390302 2.8863006984503325 1
0.9074212857698849 10.251557523167136 1
2.5613730496857734 5.839180639232806 1
4.223253506111195 18.03487645684972 1
10.24292552803616 0.9528592887623377 1
4.15813291035019 14.012035270934707 1
6.437801907377265 16.534005346967863 1
0.8955893915431568 19.670751477296815 1
16.40473143535036 14.230691636528153 1
19.25680492434217 5.969743435801584 1
14.531925996597444 2.1516688128776806 1
19.209205891420815 1.8468978622771015 1
17.939029645966556 13.439219144681235 1
4.6195220106552775 18.547164294696326 1
0.20109761829400385 14.4776289273067 1
1.1163751259946664 11.879803450181187 1
17.40245177573209 2.6212526466583608 1
17.39317654283455 9.294872696809268 1
18.32671321891652 17.348047726892112 1
1.6197269334821596 7.590822467193661 1
0.9402529344240529 14.283625365896341 1
2.732778153860429 2.4722799026127307 1
8.98582279207795 0.2659305566704373 1
15.194410472680431 18.733024271319092 1
0.24041084622765663 2.5866682622178483 1
2.8628813206657977 6.770612410162771 1
17.409072320686523 15.901667797128788 1
16.920673112954898 18.762087006295214 1
18.641733920544983 1.2489204119539754 1
1.4449823632435677 0.8495930015359487 1
12.469422591373059 1.0062552126729862 1
6.151233029795671 1.6036719524236465 1
16.551400280069622 6.628501839823143 1
1.5663394814559828 2.5538344388922862 1
2.597834791125586 2.7135883476816636 1
18.95436727347263 10.341254792107772 1
18.664365674063966 0.6321605463200997 1
13.364071969065227 1.3882936868268803 1
8.729093913952406 18.581685834283967 1
8.42367021151967 19.549048001499802 1
19.312546385420497 10.811918688128003 1
3.90398107650757 2.1403057749556242 1
15.527714058143118 15.201434064702187 1
17.34446857069869 9.618860014857802 1
8.549578239513313 19.980298751429572 1
19.83433424328829 13.653539198957116 1
15.081444255499738 2.484575324384979 1
5.71061906184922e-2 8.785643434634665 1
1.9193165299609594 7.471648693784394 1
13.543931637718352 0.5092491357375728 1
18.594370771119372 4.458745041768999 1
6.1743946104930725 2.364764522222904 1
19.473457062397056 19.409333080685126 1
15.057539086319514 16.779146387653338 1
1.4325016062482798 14.747202795827581 1
18.901012574269785 1.7540012543576333 1
1.9952516061358527 6.148334543351412 1
3.077396579701439 19.328012188927794 1
18.743671216808814 11.940755191322403 1
0.8802625983190282 10.990302462411059 1
17.937957604675002 9.647065932329117 1
8.916253191270286 2.012253251656564 1
14.892547190676416 15.361052058631016 1
14.215332953251592 18.810339921794334 1
1.706349824336435 17.011734292484206 1
1.9145391181381255 14.306203846048152 1
7.910458455600571 17.24264240769696 1
1.785938413911885 9.558405671810693 1
4.714044597626081 17.782605303011398 1
2.8232332456934683 2.2559333002071957 1
16.002320114188542 4.349220593917371 1
8.247795250983305 16.83589369550883 1
18.326131354494464 1.847238108299627 1
17.942764950620433 15.373219775125698 1
6.002950899568282 3.74838425733794 1
2.5008307333083235 10.017875419329574 1
3.2777684996911427 18.12753197638002 1
3.221609984586291 3.242301683034916 1
18.77782067998993 2.810932178332166 1
1.1885724096384664 5.284960374531629 1
1.0769757844411032e-2 4.314387652898479 1
17.47332894554321 11.724424349009425 1
19.299717730144486 1.7778276463182596 1
1.8162426278579225 5.301001271028605 1
1.0748612694052984 10.254721655837006 1
0.21672444531380286 11.61291981100284 1
14.680901465520261 17.28364391355457 1
13.158275904151218 1.8136864679226927 1
16.78552528881189 8.187612386007292 1
7.0007981273349 19.6709447601612 1
14.185122652801653 17.12969788577253 1
5.26436142688786 15.848236571174683 1
10.205361660432866 19.139302228721323 1
18.055411959414307 8.001026577043294 1
2.668710246918493 10.986009493814613 1
2.3487519761389075 13.138182425583977 1
17.659093850608794 17.217863534262907 1
4.935467707961694 16.06432621475929 1
15.79450983508359 15.923641920242762 1
14.357091804182222 18.056205790869335 1
1.5015054420195795 11.064655316545029 1
6.243766157412827 1.3897270273170936 1
11.724249598773147 2.0552453843265983 1
12.342708440430677 19.166405652146047 1
14.222206783428677 19.87148486429088 1
5.105389865847332 17.901662341055648 1
2.0587951862891596 2.514993774080625 1
13.25662228567161 0.4799860955111179 1
16.277315448489304 16.77847309438042 1
18.810037434353028 6.322066940865145 1
0.9222185397825666 19.898650795454166 1
18.068101757237216 18.64194231180147 1
6.149598550642845 0.4786359250296113 1
14.600861443837376 18.639775879890607 1
10.331185901894347 1.6458668175751923 1
19.054547076408078 2.5099349580503327 1
7.441986512804362 16.555768679162362 1
17.25113899218272 16.522353075823457 1
8.794192405244354 17.982926920787975 1
15.74213342559039 15.497120795267685 1
0.8597302697424047 8.50675116270339 1
11.209846548500233 17.576640676735785 1
7.597344642609154 16.9541981066423 1
3.242317699421884 14.999771742712056 1
18.09750789941762 6.415643110879823 1
11.086545433277875 17.04032006603938 1
15.827582816051349 2.4999335452344695 1
16.798809616246977 16.052182720598665 1
2.010156761113351 16.578476822732192 1
14.258142350702887 2.0487199068013084 1
12.20368995020326 2.416831155838426 1
1.3309744207500596 8.571743682910999 1
6.151083440913901 1.31582456570988 1
3.1722759552181334 4.455667821034954 1
10.411443734196029 1.1844548304056146 1
16.719098202609693 19.44555605573393 1
19.306874819666334 4.357765436352993 1
0.8154529391706333 5.157862102887951 1
2.3849604376828526 5.927237218245896 1
18.60530744653441 8.351216041867389 1
18.410763405256706 12.776574061461703 1
1.9960809583665773 15.850820862831846 1
13.415585425712319 2.59971590031413 1
2.479736608631442 1.3381721982186412 1
1.221775949176056 14.062184297553713 1
15.39650722035816 15.356235601969379 1
0.26690478963651953 14.5999143567208 1
13.869272377781286 4.12778057276296 1
13.244852995997498 2.4290635240097602 1
8.295508211405986 2.475954048250142 1
18.486101284033417 18.813358903912295 1
0.8186206417034603 12.574924549192287 1
10.521113084850969 19.332365241278662 1
2.4694097471587506 7.835567031557966 1
14.910538867017475 15.403315100767303 1
18.99350202635551 15.76489361801747 1
18.754293518645625 1.3127193010156324 1
19.426051056841615 8.633205459453245 1
19.911857864847743 6.043366785121971 1
18.102466012945897 11.526425955417325 1
0.7021033409497557 14.618937055562384 1
4.9768629928251045 18.71314904618985 1
14.555768240367826 4.683276555803739 1
0.4754641052350106 12.786648111233275 1
4.436842937740049 3.1926197754115804 1
1.9330672884144362 12.315183130021055 1
2.1351803193252095 1.7417843258123944 1
5.232798474201692 19.62748764211581 1
17.158799694280503 19.71603390969429 1
1.0983050330537059 17.48515914545091 1
5.399488528163299 4.589937516439225 1
16.27317009604675 17.514381259146326 1
17.175513963030323 1.4316766680569826 1
1.7877599406945244 12.009717029169895 1
16.20183354989724 0.39327719416127893 1
13.712551730379587 2.507356059960144 1
3.3665285901443354 0.2612985016978797 1
3.3573566176738834 3.5070456486378077 1
12.803486264802434 17.1899959469037 1
0.4183311191521999 11.26258655619142 1
6.647327873094742 18.570188785955757 1
8.31057420002999 2.9204199297287015 1
0.9396800595775212 10.609281910726816 1
11.931021457034344 0.8829603267877295 1
14.416243574193896 1.050255525151007 1
5.065511400828829 16.326880557388044 1
4.381625533270048 0.4807010017887148 1
18.730321787206588 0.39157037583648524 1
18.634758414956373 19.865057455599224 1
13.03695533807568 0.9170841330230939 1
15.281183945407768 14.93643740857153 1
1.135486226584399 8.827774272185543 1
1.7579945477553416 19.44472573096155 1
18.608573852697962 3.5716961329090635 1
1.931747330038569 13.642537911950484 1
17.68350298618865 8.82235611744542 1
1.6767525052146204 13.705425618135251 1
12.721630591233485 18.463282070418966 1
3.2142983547734905 7.665418089972594 1
13.471256580286603 1.3360791184646592 1
13.671376079520638 18.93451990775374 1
11.592458256279219 17.96436260458899 1
6.663765963232029 16.506533643744707 1
13.3597818963637 17.50075561455914 1
5.812848105249957e-2 17.88110018167471 1
17.3142772224344 3.655021592333716 1
18.89565966219498 4.164768181401747 1
2.8375575954660004 13.016471389614267 1
12.370431790646304 19.00649569770403 1
6.953768729313012 18.62623500745148 1
10.216867490957412 19.013215657957247 1
13.663722392072726 18.014871399605642 1
11.71817401445264 17.792090537702286 1
14.320880433513585 15.701678417234694 1
3.8428164751003746 16.496768800259424 1
17.563937468835846 16.29117923907678 1
0.6435543326549698 6.9859321410179875 1
1.204420301914939 12.545956955455821 1
0.9680544630280341 1.037091060392048 1
18.751564127760606 19.963373221484638 1
4.968346174447291 3.262047812497302 1
19.240373745027505 1.5646456812788223 1
2.391645404016005 6.919735053688864 1
18.302560226353044 10.202031350710994 1
3.448891099123943 1.2482727879713407 1
2.943089752545942 18.690351880218692 1
7.815139265287041 2.4677712711517064 1
7.161029983741141 19.198290120057447 1
5.215820603363772 17.732128765130163 1
18.683486457515542 0.7811224865014355 1
9.300122501493636 2.3291905677809033 1
12.205920317203184 17.85532539401803 1
8.720490240931246 0.26883893888375976 1
12.98470166590018 2.0885707927195196 1
17.92008957644158 13.281217550740301 1
3.1223758717644134 8.270747222015633 1
18.494976011574632 4.36364443462868 1
5.097281433236345 17.02103080698183 1
6.429043254919613 19.42674950814406 1
19.667209424718322 17.295692676489473 1
4.891755992375268 18.17442339528567 1
19.85402703542897 2.328215520681871 1
17.133998849173636 2.7331886323697185 1
1.5936578609492646 3.325221863756813 1
1.7512837786710977 10.809653480201526 1
16.70821576938773 6.609026924456456 1
15.014000783847516 15.895809947680164 1
1.4953766302092641 16.497587542677543 1
14.302005034504068 3.554676211196328 1
15.743686725438513 15.325650667184076 1
0.4517112451019889 10.34047290095949 1
19.4973981613166 8.831248223592954 1
17.049026649839288 1.4451618672842304 1
15.532963755736501 16.282183572062188 1
5.788867726460425 0.8789874312810353 1
18.344794401084688 13.922123551652149 1
0.863435956166323 3.6317044846144997 1
9.913118734828835 1.1907955898120814 1
12.937920285702429 0.13276158465217902 1
18.89762484178342 11.870654721911308 1
16.445661436305524 3.699725434124066 1
17.27717212489154 13.114024846200804 1
3.633955874949153 0.2822947736138892 1
1.036889150890914 10.689159806433146 1
19.350537655792337 13.684408504160777 1
13.423687090385869 1.4249108594647386 1
6.056210785232807 19.278366079078598 1
0.8500150130911299 14.73065485872252 1
18.61315931467505 0.6975913168857328 1
18.719893282203174 6.113098487907102 1
17.9311000730186 5.030018071565885 1
15.629629168725401 5.9099201986356764e-2 1
6.6438630626487205 17.64421180306152 1
1.2724108130040768 7.27362663506076 1
16.69872981045928 17.56695096436315 1
18.864963861315452 3.5259014074043593 1
7.857695894591947 2.1663466153926625 1
0.15427537641203637 15.37253100031922 1
2.0050935213651155 9.616044995984215 1
1.6695334209797386 13.061111335663384 1
1.6961739330420622 6.570818364561644 1
18.814228674823507 13.706519942327711 1
7.652182352169561 17.532728915068834 1
0.2683564546364492 8.974927342718985 1
1.757815724688505 5.614730387368285 1
13.314767083969503 1.45364186232676 1
12.047622370278175 3.022491392295299 1
1.9035174881258188 9.386731657034073 1
0.7760164949073922 17.443662030970962 1
13.97293724703312 3.7384305396611017 1
5.098307233295416 16.926617455034318 1
1.1374083824222847 2.1539808172368202 1
5.963315366879907 19.828754689065622 1
15.61705005170875 19.685463898802517 1
2.928149737220449 12.83482806875115 1
18.871365048678836 16.142592776421807 1
6.276793152966061 0.2857144504721787 1
19.0271961217989 6.2176838212630825 1
10.825288351588227 19.166453581013688 1
0.2555337456990481 17.37254357461782 1
5.50348782869759 2.5058068130246913 1
16.997969443019844 13.268690654465958 1
2.163005284455106 7.172769528086807 1
16.09339025409676 15.41343770390612 1
2.0729834892816457 4.845650757162203 1
16.798178320388892 16.435912190120124 1
9.605536651943236 0.13391447393322986 1
7.868290509514562 17.862112048356185 1
16.634080533650902 15.174212616528148 1
10.926015375135037 1.4741709366789202 1
17.412237892210122 5.38978692353462 1
18.57595908507801 5.980597324473438 1
14.072149140093511 18.36518089665363 1
7.8445156291769536 16.707714826756966 1
3.7850254924515525 1.5121329958348606 1
0.7914053718128078 1.2851450886583948 1
1.1161646132424985 17.558996588761193 1
17.34394252244098 0.4306598886286106 1
19.81347657770194 15.816514029398425 1
10.15332375868201 1.496200824488343 1
4.554300171428942 18.158711475310657 1
2.2349727191925073 0.7550438556326067 1
0.224252457854337 5.756882460240435 1
5.214964360069216 15.507553135047601 1
7.465562813118824 18.626569351344987 1
15.121413141867205 1.9270596910443993 1
8.76093571922402 17.618764973607764 1
0.7233279452608055 15.62945040614046 1
5.962233959300631 1.6035226773172262e-2 1
0.7036776814827772 16.171232096580155 1
17.540776589372367 18.400397327018375 1
8.17803624994684e-2 9.583242166168287 1
19.101358235995026 12.764640326761057 1
19.632208363963166 19.71962879026515 1
14.311491875275632 19.460496329034303 1
4.74923951036986 1.0255155984446596 1
2.9343651224716094 13.066905436795537 1
13.982270827713034 4.166735929873083 1
16.364506360653092 4.147495570220141 1
3.8736096348251414 19.35320991955588 1
17.234312763157686 10.740648432210715 1
18.458376213751865 10.738300819592418 1
18.199485330041092 12.70127138197217 1
7.2648904886361e-2 1.956544230799948 1
2.326840550898115 7.6892288238151485 1
11.258728747229696 18.146099149991453 1
2.9104418852796665 4.325817158654859 1
5.819615008530601 18.06626752926586 1
9.60032552760195 18.070480847819965 1
17.168018607109758 3.07436817566789 1
16.392546652322014 17.058935248239262 1
11.526929340959546 2.27133659069787 1
10.058801628077632 0.29085092514945066 1
3.7849695862909916 15.215784902388886 1
19.310817953514977 1.7368741282667344 1
4.005256161451576 14.765664600840902 1
4.818833207669662 15.118957351056029 1
0.4738938529582337 5.024703256995727 1
13.564512105303839 19.532347408927123 1
1.4068959692980343 17.494510720614823 1
16.465637052748633 17.775781394792844 1
4.39540738236891 1.7557675642717263 1
1.5642984271931537 0.4231901915951175 1
6.407853808640212 2.029716844842133 1
10.823155899657863 17.698898366606215 1
5.608726335248527 1.2625934801674532 1
14.032386044750485 17.663034121435835 1
19.17047053094578 1.354403962822388 1
18.656267959328638 3.0235807288428718 1
7.575025936289572 1.2686971565642136 1
19.46702733540715 14.152037865260352 1
13.692735807681691 3.64189752755147 1
17.629691249130783 7.099130257695769 1
5.800498190671957 17.964427547720437 1
2.422551895001195 8.176997597903483 1
14.900537381699557 18.999896344424872 1
17.97923184164139 3.3927680597698284 1
18.510369068879196 18.553516328178222 1
4.679777934432929 15.353516656625839 1
12.800801859103936 17.019844414803313 1
9.093910942367886 1.4709100297091582 1
0.4300389703304286 3.3936772359190304 1
18.10260995646313 6.35454483771097 1
6.961261558770091 17.683192641009068 1
1.5699974075150647 15.589502923554317 1
18.068582304877076 5.7011196490522416 1
11.653218086115533 17.61138159357451 1
18.342874472241387 4.511250889480564 1
18.071895904341936 14.168666941226665 1
2.103421684083844 14.339425483868718 1
1.8994900906827294 0.8809254534943345 1
0.17867606590167506 10.426793232265887 1
19.169901626760776 18.46035071195662 1
3.555169282006594 13.162758827537719 1
10.844366034699114 9.358517784702647e-2 1
15.5477489771468 0.8351263474350734 1
5.070206648527666 17.5446494112828 1
4.78233517443305 3.494416131084197 1
11.208495679762812 2.306247115687823 1
1.3089344768940947 16.614984002808747 1
2.2020021899076125 7.18518499673711 1
18.37977898674271 6.069401491580127 1
19.211179479913127 8.460380038265962 1
19.611676544295477 18.309430953427437 1
4.546164949760518 0.521247396614859 1
5.745220054034199 18.186641469154992 1
17.818433330060625 5.238912688641171 1
19.726594287196647 5.96066725387856 1
17.280106965067134 12.926678803246181 1
12.73323189888296 16.58901513634469 1
19.98729001168084 5.335085359537075 1
0.23018968392030104 12.613018035753917 1
2.5682147086635365 1.407414043900519 1
2.9547068211074934 1.2596913670157295 1
11.365518739365555 19.45014443092895 1
13.853804238571863 0.4141059582635309 1
3.1846645832612586 7.495117151487369 1
1.1024863576474497 18.05816777792627 1
16.70842317262306 5.775927832436059 1
5.023689770952582 19.57574583608248 1
2.7226782787394033 14.398242711750449 1
9.41144100878885 19.122973585539388 1
15.460154835940338 16.311076311367913 1
13.699564818577162 19.17061041499228 1
17.051353902227053 8.879477304445416 1
1.0133147746834514 0.11329793155998136 1
2.9889948860037263 1.447798699542624 1
5.958630212899769 1.514794277554674 1
3.794793675312138 14.66306262215349 1
3.543582230564395 15.327864649681782 1
16.449410638097987 0.16859323479506694 1
0.297982365631142 1.5754534039579138 1
19.954375223612047 18.415022572500735 1
3.2803879785785317 2.8031564052742386 1
5.693835869197259 1.9523967603772219 1
14.817780154366032 4.406985808908157 1
1.3611294392749085 16.127417111074887 1
0.4281632386568468 17.096086509376068 1
6.05765361171165 2.016168123234008 1
18.99956235983523 2.068239857051628 1
1.8977269774914518 8.357251813421282 1
5.5721856708166495 16.681129024867055 1
5.3884774663796176 2.6087642547334466 1
3.5650109635472216 14.348413311563329 1
16.892454832612003 1.9922161214685574 1
2.2500477501120852 10.246243863414207 1
5.499812659439121 3.350562197706193 1
14.572487619816465 18.603430263010917 1
10.52188406202484 0.7925379078658912 1
19.409622101107697 12.961778796361806 1
4.289892698197082 15.097812535471782 1
10.960877425362757 17.446693277633457 1
3.286047466783353 0.2219552173431505 1
15.783617542203928 19.0845510527174 1
0.18564640003035482 13.161241560751408 1
15.056061490501628 3.209829672651481 1
17.717281981358248 10.615271877067487 1
18.50270920328384 11.370495756584402 1
8.429546889536732 17.422131184220802 1
6.30239044731141 0.6018186584875318 1
15.707036281794402 1.6732978084133188 1
1.3782124392051953 2.932567921983993 1
11.322939425837035 17.764498646757445 1
8.908142092715007 0.47035481625189446 1
18.039870492537716 6.483914560232636 1
0.24709385482495794 14.73064267277082 1
0.4894550816459464 15.380553084150218 1
17.217098661573417 14.489142695318993 1
16.26362907556774 4.885334496798272 1
17.7400068258552 3.6311166746260826 1
19.255935029780147 13.647992641662796 1
15.077389319495389 4.530836964579754 1
3.414875785406535 2.129138010923337 1
15.924725530118149 16.073937414541813 1
15.231069416689527 14.789732453172192 1
18.406245606882887 8.92982477890988 1
14.914688920925274 15.47122017337567 1
4.8118089676952795 15.941476134390822 1
2.4396468434656193 6.696118680396723 1
0.3861269054361549 13.18797079110604 1
5.07351203237683 2.6243038730369173 1
6.48811117905566 3.5119856367198965 1
14.802472342084217 19.885528040126857 1
15.622376913526683 0.611127761008583 1
0.7857003856821199 8.478862584128555 1
0.582543876111774 15.970170354093334 1
8.325265685293717 1.9469413167754657 1
8.859432286603521 19.720052252477835 1
12.932015969359185 2.77657968364156 1
17.881693954356635 18.82908961596091 1
17.702894395811747 0.26942963344336324 1
13.54201965156603 2.6614271925364874 1
5.422924090899022 19.067503063458744 1
16.15901690070529 3.7583690681267656 1
12.471726760821667 17.330061270730408 1
2.783176699748857 10.222223074165647 1
2.392205114789645 18.136937752257765 1
19.002368266742668 2.4034286659013304 1
17.641690958589905 15.336477551349336 1
10.280692438220582 0.6236869301509751 1
1.711630087424676 13.29891784839856 1
3.4850394364886528 3.462120285443262 1
5.619558411427392 18.463230402422035 1
7.872031776230768 1.3042868160065813 1
12.003838089166054 18.122119085159877 1
1.3861597163278128 10.619064379599417 1
19.941502775117886 5.562386872750271 1
17.09436561936308 9.846880219441243 1
1.1322716065086436 17.676900744999983 1
10.102196823065146 1.012952949847401 1
2.4470579794137026 6.743345163990586 1
18.39007640215438 10.31614888023294 1
18.366586287083678 2.1758568104861475 1
3.776849543134364 1.0271042793703233 1
13.687644377238836 16.665801469269365 1
19.681038381674796 5.584783713831123 1
18.936117015210286 19.65724633929662 1
19.311319998930095 2.7545292001362665 1
2.64684719865915 13.85209650759252 1
4.119240387630814 0.8633311501748242 1
17.020417799243877 9.889426490077689 1
12.028845186204812 1.9277923267238917 1
4.591846774488923 1.1940203078312206 1
18.856117264204048 6.045089587371906 1
19.951686647164305 4.47525205964741 1
2.5135793817264873 1.4039461816426835 1
18.396376970838762 4.046290661544889 1
16.9004428549627 13.099226187832826 1
15.438513932413434 4.488095135065291 1
3.584228760222654 0.1470505183840487 1
2.612394956759019 0.8017230237363315 1
8.220744587577567 0.8791821509865305 1
14.494869509155857 18.84583694110702 1
19.314040383552065 10.206442754605492 1
16.73741446589689 3.164868263848173 1
18.99101905213999 0.45184982529908657 1
18.64249525850685 16.004340505804645 1
16.80645945623291 3.017633463033571 1
10.808398774159764 19.49285466644784 1
10.16367750668471 18.103451758286628 1
3.507915655591578 15.28791559812456 1
13.29182762055969 0.10311490280287217 1
18.141139741421046 18.391105166923346 1
1.0737993441480942 12.926821031279086 1
14.450677582114048 3.523035043393048 1
3.575369343053212 1.0543336080947707 1
14.820941207432705 16.010625654306565 1
18.8786680816966 2.4751790424624676 1
10.90945554170837 0.11350807536858687 1
6.808864050745624 2.5448768343712014 1
1.1870527759281102 8.999380601587264 1
1.7592984261513456 4.794754083653576 1
14.733864256870497 18.19490726959601 1
12.427105584753058 17.90293107156765 1
19.76366866674654 3.931400173017039 1
8.712097832778174 2.013405491198088 1
15.904781513459197 5.058770163208024 1
6.017137390195049 1.5217213583958933 1
0.8428452403082942 15.471418532816008 1
2.649386344429039 9.657074172801767 1
1.155524506304706 18.441377271899213 1
0.7447904699848129 6.481555669459156 1
8.789140261628107 2.138280377932096 1
17.733947754797107 14.479986934281001 1
19.82933547869648 10.963983815056682 1
1.847976553229056 17.030682932497996 1
2.094935901825774 12.941011735829832 1
11.438536188839876 1.1978499792740593 1
17.002944082960273 16.337351663905196 1
3.502819462931539 4.913418043429778 1
1.8812082837941846 3.2530573897986192 1
14.811095648686184 18.19069836280656 1
16.991054119676427 12.511003531974563 1
1.8209858783142474 19.884482357959218 1
5.881305830349735 3.987258816013144 1
4.411515517225966 2.353406354818417 1
16.5835133867342 6.674999375007031 1
1.226536645696803 16.907022915630577 1
4.002211261814663 3.4366290088264706 1
1.9273944405262533e-2 8.992674998873865 1
5.066929924331173 4.0656681350441115 1
18.027059265016053 14.46493092324612 1
1.5146717098389684 10.606445462403645 1
3.7256243970709813 4.655981494973593 1
6.195294469109269 2.7128635644806454 1
2.195436858522515 19.861130114813175 1
13.651288930415632 2.6301897727350676 1
5.757862690417337e-2 6.272193630433578 1
3.9783201644297095 1.0512619471248863 1
15.523083412756113 0.1600838390041015 1
2.904515125917939 9.044096226911071 1
4.170013454164008 17.167642489343898 1
19.52352502978168 6.961358361699384 1
1.9668400279598575 3.68533183546913 1
2.9045986944421998 13.539008861489162 1
0.6503117181119666 15.735742330593007 1
17.433942269341614 19.50252459709633 1
2.512155711898958 19.45006811184717 1
15.56427845404077 3.0192279131624655 1
17.524895944448843 18.237166227312784 1
12.548817723061754 17.673318494196163 1
13.456652521792849 0.7704876911309366 1
19.452914247794112 7.7214948836612995 1
7.967333043856259 17.128053139850792 1
17.288001756070983 15.732757474881602 1
1.1280245326571836 14.596720892823665 1
15.535440905086247 14.314529106027978 1
18.216959905486895 2.2320263094056525 1
17.369276953948223 5.149856906649248 1
7.108662906159462 3.22991920472949 1
2.17784435761025 5.3673911194526465 1
1.4809164171081535 15.667203863649048 1
18.422683099714597 18.82662865032586 1
17.831886505476557 13.046351542274216 1
5.833331233111778 17.093113286944735 1
18.68674269870811 11.03199353436517 1
6.864348805925189 1.3953061088005447 1
17.404293456445924 5.06748343941434 1
9.020142605958842 17.592001174923013 1
13.842189437209921 18.12464769612442 1
6.628194327652999 1.7490788417686653 1
0.28728077482732983 5.742326900213612 1
16.71441427618927 14.511012521117259 1
7.091573596831213 0.13952345208117833 1
2.93197411804063 0.862292707464587 1
16.624312596843954 5.400201092944775 1
6.988876538857087 2.75525094062683 1
4.147734157377458 16.453619844147404 1
18.574409654886043 8.551681593087899 1
2.185518089438432 13.705663103755262 1
16.522755957784888 0.6253106808517428 1
17.748774062169208 3.6113592491489777 1
4.285724232072477 16.646021838671533 1
14.032795249248494 2.1318412819553156 1
3.78206770038908 13.241138276885184 1
2.5523411169813737 4.893417102793094 1
19.105359487445696 1.2626461700164793 1
16.69469553261091 18.898487722386573 1
5.6518677025264115 1.9438236358816585 1
13.575351741595723 16.37262817001036 1
19.688334472242637 7.378007246320095e-2 1
17.876336727680272 14.363189068562285 1
4.025344386147718 18.44507482325029 1
3.710974234091189 14.640666703507481 1
2.8665164509353325 16.516903711666814 1
13.691637093772107 19.993556082511866 1
5.111372995671591 1.958720900998725 1
1.7978766809481561 2.073644420449865 1
5.339702779746438 3.8826404180155127 1
2.1886645619326095 13.260353733033512 1
2.8982521038390474 18.866300078897645 1
9.766163933991024 1.3735633315639117 1
17.4626582667278 2.3883702115439887 1
9.863152159704303 19.498158619579485 1
13.723688193640218 16.54611805855254 1
12.77444936535016 0.36301915326344636 1
5.6621964495319705 19.567327253433525 1
17.8531103775913 0.3877050431625517 1
16.973134134947532 14.427070563062795 1
4.311820161343521 15.539839423238568 1
9.45488670865441 1.2538585537623659 1
5.907495685881208 19.84940402886115 1
6.5041711568921805 0.9540292261427985 1
3.8736767140788175 15.670523411983568 1
8.128738517599416 17.313179164885142 1
19.339473494992113 19.372636187653832 1
3.733692097491841 4.248710795929194 1
18.72284443292888 9.399418433312604 1
13.414576249149386 1.43837515080401 1
6.741930155042608 18.828909160972817 1
17.348310480470747 9.789295656398627 1
2.9563664960779867 14.206180057930185 1
19.1283345789414 8.628284114358639 1
4.188476590634034 18.267397579391563 1
17.828316502978495 18.192421145784405 1
14.622622766081987 17.113090159456764 1
0.9961925122945936 10.52672952653803 1
11.700604204774336 1.9580696930523755 1
1.584981258887792 11.317845071269666 1
3.14358716149711 14.789899601160016 1
18.487834890794833 5.454069325355659 1
6.133970603172978 16.435926557268214 1
13.202011476878708 3.319602580752843 1
18.58085143910841 8.856567433993366 1
13.88602486382095 1.3996906512577567 1
5.215605736007067 1.1249906248942554 1
3.6817506409701783 17.47118403250417 1
0.4855456236107969 9.919193145116507 1
15.298064606287028 16.426288698223455 1
1.5320528681201218 2.9233726380183156 1
2.9335825585418474 11.88846236921898 1
2.4315144052932447 13.343202005845832 1
8.056502840927578 1.2629538389121975 1
2.9868017100478528 12.174169632143883 1
17.558015515789172 8.490349573574198 1
3.3244989420138094e-2 19.568077715326105 1
0.6918083652104046 18.556320532218745 1
1.8167173801667613 11.250080341652849 1
1.0459080515891084 5.701683745103647 1
19.324824653652616 14.510217154258743 1
18.60691070038208 9.340798865443322 1
2.1325911494314376 10.040760969938209 1
17.274492000751305 14.42044301342247 1
16.42538079280758 7.134265051263795 1
16.961026541657894 6.713595785483395 1
17.052354444534544 17.849362143037986 1
5.611942995309822 18.78666937501888 1
3.300526512656392 13.885000650249864 1
1.171349327821325 1.2133453240825753 1
0.26597314425876206 3.9949231854772527 1
0.5727688528423824 13.806430020383686 1
8.738841373893324 19.459325791238726 1
0.877600209166185 2.394784130893355 1
16.749529863497056 12.264804755980807 1
3.8077577883697233 6.130055957633944 1
17.378606762573146 3.4879824637068646 1
0.8379816945205509 9.449652431281642 1
12.890431214975589 0.16346679246903362 1
0.3851609302949477 0.5971581320556729 1
19.009603222107266 19.40383911474441 1
0.3840169946605365 11.335390691573302 1
18.150200434903944 9.714074050510677 1
17.15033757207829 6.209684660020387 1
8.282834881161918 18.96166551336206 1
8.068983756375834 18.40877289167733 1
12.580753462396707 1.7441331950605043e-2 1
9.885028918802687 17.070834563050273 1
2.2654931520841814 5.00518249059324 1
2.443906695328253 3.3043944196472896 1
16.05739409229986 13.892452079652397 1
1.6429270771786975 0.23271072094913636 1
4.71628194896083 0.7834636056305566 1
15.39031388085846 0.7609824661942444 1
16.203287989191974 2.462926544110937 1
12.350801759179362 2.139786709713196 1
2.2958585950448174 16.27618760554552 1
17.946260797032437 14.085706325377476 1
7.400082730986959 19.47952188144173 1
0.9771655166318172 1.0119531427655604 1
12.886681220199819 1.0173832435408237 1
9.032658562867278 1.6720498691106123 1
14.04657927543748 2.2863061919928285 1
3.803350920459818 4.841637693165213 1
5.905882190889229 2.8400871161700625 1
15.558188423418184 3.1824830160995243 1
1.1440187481323383 0.5015315909695972 1
2.6740974872872836 13.569143106547894 1
13.331142556875697 0.3497550586624887 1
4.405702562984651 16.22619197778745 1
1.6808237310755714 3.768614967831907 1
15.110058178054144 2.9365496579987327 1
6.793129616788292 3.734238260140892 1
0.758609263473542 15.885359997725732 1
19.016721079441083 12.758009710862066 1
0.9904909539040885 5.504677338257224 1
17.17542536184484 18.60954840246302 1
9.772131208656374 0.8815948271853391 1
10.04005566705034 17.332438891691666 1
18.21930150807807 6.438492846675801 1
5.4026413392872 0.6228076730012466 1
14.810478958622626 3.3504895023806225 1
0.781215491746734 17.722198929637866 1
5.423968550091867 19.280230393107175 1
17.539347544371008 18.72421765804088 1
7.714362827541239 0.8965957762712651 1
0.29955932175926403 6.514504300003243 1
19.93351936226077 19.105667164937245 1
15.19820138628467 1.4897088662010538 1
19.853302151530595 19.06644887524091 1
15.065047015141102 0.14500602450809863 1
6.046150947332758 1.137694649051848 1
14.590716045209051 4.13331723287402 1
3.3040608970871466 1.9040769519141265 1
14.162389168549687 16.472428453977614 1
18.29399065268857 19.704183901927802 1
1.3604159047894648 6.242527458170175 1
15.47480888373473 16.279265012710663 1
16.116583896523515 18.146171899511437 1
13.318043400458283 1.023592992332365 1
19.86198598136225 14.54630331723054 1
18.247276523126796 1.7221685856185176 1
16.169808889204248 13.54755948945018 1
3.052800673802587 0.19398039428019986 1
4.311830266705483 16.34096243471882 1
5.739721428156431 17.70976340047723 1
17.05951917145645 10.67592860396312 1
4.333877638745129 18.294683141225743 1
5.892205881350967 16.270569870524717 1
7.230009515850377 18.388032844112278 1
1.6291104938538714 5.278819488090392e-3 1
3.724943336844604 2.415549795115859 1
17.85271231146829 1.0707917812070145 1
8.784608145689848 16.968795142996445 1
0.20093144778035033 3.0437747747433663 1
0.721401674072617 11.63356947621038 1
0.6194206116628953 2.7570841984071826 1
2.4752342302298302 19.396209204878524 1
4.338567403384976 3.474100327882794 1
0.5740034158481522 16.87970289498789 1
10.311809314280776 18.793302927238756 1
18.07431491084116 7.166166941257548 1
19.34147958992156 14.208092929020385 1
7.972644390549677e-2 13.335572812024004 1
19.595097520105487 15.443798820872436 1
2.2292973527501148 17.438116443716098 1
15.003275762080104 16.752269527901493 1
6.554492476360776 3.7548143835013215 1
17.08335125950269 2.121260967989229 1
0.4882185901984215 4.089528639972448 1
17.819869186020295 8.812536848845971 1
12.090948199732715 0.3594236105031756 1
1.1348601181639784 8.408848440469932 1
14.336545593355499 2.224696515975484 1
6.5160373779367164 1.1910070207715395 1
17.675081113228657 10.417909676369232 1
7.621306207784084 1.5292676970393093 1
6.2055304561526174 2.206685708296916 1
16.89312378911864 19.798182505395673 1
5.915522603948029 17.975735326431078 1
2.9779368364727365 4.311893012951245 1
3.4025126496330893 5.194964300279796 1
3.9976171733689636 4.469536471356983 1
4.891346133902619 17.897975476295557 1
18.451616705076397 0.28254755783983176 1
18.48811127016789 12.239582114840227 1
16.364151619439816 3.085456462848366 1
2.3082830245856467 0.2784408480681888 1
9.060599412259982 0.6448484860630765 1
10.095729672081752 0.7687310901425892 1
16.219723031409842 13.623890230153057 1
11.249345626635964 2.491918942257767 1
